user-id,class,prediction,California,Georgia,NewYork
USER_001ac628,?,California,0.6844475691107071,0.25521009130277067,0.060342339586522215
USER_002ac912,?,NewYork,0.20635270825388552,0.09443327484460075,0.6992140169015137
USER_0089c6ed,?,NewYork,0.18250358533335642,0.027219333249999277,0.7902770814166442
USER_00bc828f,?,NewYork,0.01520822854770339,0.12142102679583257,0.863370744656464
USER_00e7be97,?,NewYork,0.1661921649702946,0.1536589006017763,0.680148934427929
USER_012b2595,?,California,0.4158785496734578,0.21839096943679887,0.36573048088974336
USER_0139bf5c,?,NewYork,0.0123439908890271,0.005479711700621186,0.9821762974103516
USER_020719b6,?,NewYork,0.0018984847319608227,0.0023058099842777364,0.9957957052837614
USER_026a085b,?,NewYork,0.010532437420378201,0.011754633849982163,0.9777129287296397
USER_028ea70d,?,Georgia,0.32209348164919593,0.6541465342167061,0.023759984134097887
USER_03c6b720,?,NewYork,0.006433951659401163,0.004859191177432896,0.9887068571631659
USER_03e9e8a9,?,California,0.9589065386805962,0.01655536323857967,0.024538098080824043
USER_04b3ff64,?,California,0.7950257619347474,0.15706375655444962,0.047910481510803085
USER_04d5ae7e,?,Georgia,0.013802935658142081,0.963691938864845,0.02250512547701292
USER_04f00846,?,NewYork,0.0032202107849751338,0.012859661566397442,0.9839201276486274
USER_059e3e4b,?,NewYork,0.07835428689902998,0.023867342130523966,0.897778370970446
USER_060db402,?,NewYork,0.03477499581987595,0.08908596752240726,0.8761390366577169
USER_0617e84c,?,California,0.8720663470801788,0.010601316760230566,0.11733233615959061
USER_066aff57,?,Georgia,0.09942379266537861,0.8585252085403605,0.04205099879426097
USER_067bc0d1,?,NewYork,0.00551921564760895,0.0051299735914768696,0.9893508107609142
USER_06ec6026,?,NewYork,0.12877761905353113,0.07226391480907225,0.7989584661373966
USER_073ae410,?,NewYork,0.13630658658322617,0.011359197088199689,0.8523342163285741
USER_07713420,?,NewYork,0.4508074162843066,0.0904593495185183,0.4587332341971751
USER_07b8a39e,?,California,0.7587032671960626,0.21131229007421148,0.029984442729726037
USER_087cd93c,?,NewYork,0.06888744025027516,0.06349146063315843,0.8676210991165665
USER_08cdff74,?,NewYork,0.003364658592663463,0.019337965478416704,0.9772973759289197
USER_098e1532,?,NewYork,0.05701245612554815,0.04605694761099984,0.896930596263452
USER_0995db73,?,Georgia,0.03861556008464249,0.8858878305557493,0.0754966093596082
USER_09dbf5de,?,Georgia,0.08630041108843524,0.5036273638236908,0.410072225087874
USER_0b5fa2eb,?,NewYork,0.0051439337142565175,0.004699705283208546,0.990156361002535
USER_0bd05d33,?,Georgia,0.011974026738169991,0.8968302939716252,0.09119567929020475
USER_0c09ba5c,?,California,0.6320051523422547,0.09113198744479882,0.2768628602129465
USER_0c7bb665,?,NewYork,0.007164660224900951,0.003676059581846657,0.9891592801932524
USER_0cbd8e04,?,Georgia,0.044749832897821196,0.8825108698013626,0.0727392973008161
USER_0d71ddc1,?,NewYork,0.009660998400395901,0.001736004558937317,0.9886029970406667
USER_0d78e1b8,?,NewYork,0.008031220797175597,0.0026588749522644165,0.9893099042505601
USER_0ddfa5e6,?,Georgia,0.11012971441723751,0.48810795684712455,0.4017623287356379
USER_0e354317,?,California,0.39990280104040205,0.29041144158233717,0.3096857573772609
USER_0e35810b,?,NewYork,0.19635654674135203,0.26852142636029036,0.5351220268983576
USER_0e541dce,?,NewYork,0.4321142362183568,0.10447776675297069,0.46340799702867247
USER_0e8ad62f,?,NewYork,0.12076572288599054,0.10750853285654476,0.7717257442574647
USER_0f000fe4,?,NewYork,0.004770712592713585,0.0033807637452124275,0.9918485236620741
USER_0fbe981e,?,NewYork,0.37239268466909536,0.21930722154876117,0.40830009378214355
USER_10e660ae,?,California,0.8083977106374238,0.0631340949756055,0.12846819438697066
USER_114ebefd,?,California,0.8736976032621954,0.0220700325346962,0.1042323642031083
USER_11e68741,?,California,0.3443595891510663,0.3245135780725531,0.3311268327763806
USER_12093513,?,NewYork,0.12116418322010752,0.005548654901612739,0.8732871618782797
USER_1267d8f7,?,NewYork,0.004463197751207357,0.002330001991982094,0.9932068002568106
USER_1268d148,?,NewYork,0.03570517257561883,0.09165873715927923,0.8726360902651019
USER_12e20166,?,NewYork,0.023017749150893045,0.006260615839147594,0.9707216350099593
USER_1385a20d,?,NewYork,0.02467449260456786,0.010773625517145414,0.9645518818782868
USER_13f7c11a,?,NewYork,0.06755933732092263,0.014966352149003862,0.9174743105300736
USER_14d8ba66,?,NewYork,0.19128067996099052,0.24038276349261883,0.5683365565463907
USER_154028ac,?,California,0.982704937533935,0.005539004818961658,0.011756057647103328
USER_154aa5bb,?,NewYork,0.06444169336002932,0.028118080409553655,0.9074402262304171
USER_1552bae0,?,NewYork,0.045603200112802104,0.0049250211568337065,0.9494717787303641
USER_1562978a,?,NewYork,0.06134668288820704,0.16558242225328362,0.7730708948585093
USER_1577a117,?,NewYork,0.00979628012236708,0.01289107884250068,0.9773126410351322
USER_15cb67cc,?,NewYork,0.0021900548603099403,0.011472739842426595,0.9863372052972634
USER_16d5c2a2,?,Georgia,0.05376474914591861,0.9323464068809804,0.013888843973101072
USER_17436f9d,?,NewYork,0.05396902403542836,0.07705900953701018,0.8689719664275615
USER_17ad6a4d,?,NewYork,0.0062285392802557335,0.01769800446026934,0.976073456259475
USER_17b7197e,?,NewYork,0.0020833685027006553,0.0019113435160335245,0.9960052879812658
USER_18043b98,?,NewYork,0.002953818581244637,0.0029088429642098322,0.9941373384545455
USER_18668846,?,NewYork,0.11760533349200948,0.06441924344090316,0.8179754230670876
USER_18bfa1bf,?,NewYork,0.028530625358370126,0.003084438030489549,0.9683849366111403
USER_1911ce8d,?,California,0.4738218167105735,0.1278321960119189,0.39834598727750764
USER_19325d87,?,NewYork,0.010496558255117297,0.009652172986630635,0.9798512687582522
USER_1963fbc7,?,California,0.8603122749135108,0.0381558448765662,0.10153188020992296
USER_19bec732,?,Georgia,0.3918221440779926,0.4824784103923752,0.12569944552963225
USER_19f5e58a,?,NewYork,0.08119062892549678,0.14400692474372412,0.7748024463307791
USER_1a666e73,?,NewYork,0.3870437326486122,0.019348689160314163,0.5936075781910737
USER_1ad6ec92,?,California,0.5490442419877325,0.06037350382901121,0.3905822541832563
USER_1af91382,?,NewYork,0.0758378991489783,0.035211504817617166,0.8889505960334045
USER_1b02b054,?,NewYork,0.036570642621301275,0.1077436059333515,0.8556857514453473
USER_1b0fbdca,?,California,0.8758086256131998,0.047751105942322944,0.07644026844447727
USER_1b27e15d,?,California,0.573251537856245,0.13375333820880614,0.2929951239349488
USER_1b2d5f01,?,California,0.9813437737113893,0.008721905847469198,0.009934320441141554
USER_1b47273a,?,NewYork,0.14355754951818528,0.14099063550391752,0.7154518149778971
USER_1b593ea0,?,California,0.765361551422808,0.0407317212502885,0.1939067273269034
USER_1bad49c0,?,NewYork,0.28464139241648034,0.022932853050900898,0.6924257545326187
USER_1bf805fc,?,NewYork,0.31118502859643077,0.0625649912685509,0.6262499801350183
USER_1c2bdb85,?,California,0.5430988450770539,0.16178866992584795,0.2951124849970982
USER_1c35dac9,?,California,0.8544469054792861,0.02944168351861963,0.1161114110020943
USER_1c47c320,?,California,0.5958532993999482,0.17289918208919947,0.23124751851085223
USER_1c502a4a,?,NewYork,0.10527096390989993,0.027034866845342394,0.8676941692447577
USER_1c87f445,?,NewYork,0.16151222576204935,0.38600045336724287,0.4524873208707079
USER_1cd174a5,?,Georgia,0.1477143611871002,0.6004924832352223,0.25179315557767745
USER_1ce79b71,?,NewYork,0.2203356392763907,0.1441364151250014,0.6355279455986079
USER_1d197eb1,?,NewYork,0.04168005745453874,0.07341235325714007,0.8849075892883211
USER_1d7fb750,?,NewYork,0.058074798454441065,0.04712727383959149,0.8947979277059674
USER_1d9ecd1f,?,NewYork,0.09852111148455953,0.09472493222313555,0.8067539562923051
USER_1e0d7389,?,California,0.455615581712323,0.1648048506255895,0.3795795676620874
USER_1e29440e,?,NewYork,0.011898229381040066,0.0037362676328454446,0.9843655029861144
USER_1e2ec93e,?,California,0.4975708188106037,0.09704898811882783,0.40538019307056844
USER_1e417ec3,?,California,0.8127400235443364,0.02903345706324693,0.15822651939241678
USER_1e8adcef,?,NewYork,0.026942052676776608,0.012139040052338323,0.9609189072708851
USER_1e9813c3,?,NewYork,0.29077187395433246,0.24057892712604007,0.4686491989196275
USER_1eb22f1f,?,NewYork,0.22833014006283836,0.0832355223375287,0.6884343375996329
USER_1eeef1ca,?,NewYork,0.007833342244219086,0.0035344970526564744,0.9886321607031244
USER_1f012225,?,NewYork,0.005468106147283381,0.0048626913343309585,0.9896692025183856
USER_1f15e428,?,NewYork,0.0700947870343333,0.02496453836793532,0.9049406745977314
USER_1f48b92c,?,NewYork,0.28551754863344403,0.11611535146746285,0.598367099899093
USER_1fd26730,?,California,0.4391863766825982,0.3064130217797859,0.2544006015376159
USER_1fde2545,?,Georgia,0.36099465714238055,0.40653883188005197,0.2324665109775675
USER_1ffc01ae,?,NewYork,0.20818063120367014,0.16288605392623526,0.6289333148700947
USER_2047ae1b,?,Georgia,0.31295506206391605,0.46737724604215003,0.21966769189393393
USER_209f9da7,?,NewYork,0.007994132309249136,0.003571370245486393,0.9884344974452645
USER_21221c3a,?,NewYork,0.023628839864973612,0.004053257724942153,0.9723179024100842
USER_212f6e96,?,Georgia,0.0255165314370094,0.8365161332747681,0.13796733528822244
USER_21570d2c,?,NewYork,0.07023925736385335,0.027785424571442258,0.9019753180647044
USER_216928f7,?,NewYork,0.19806282766937888,0.20871667502637337,0.5932204973042476
USER_216b9538,?,Georgia,0.021311570163981802,0.7429918749561887,0.23569655487982957
USER_21e25657,?,NewYork,0.010191530186588048,0.012722685473906524,0.9770857843395053
USER_228b4a0c,?,NewYork,0.013767789487294967,0.0056578115302565405,0.9805743989824484
USER_22d6881b,?,California,0.9020726887800562,0.047755632479378765,0.050171678740565114
USER_2370f6bf,?,NewYork,0.003073824549532873,0.0018159548153167209,0.9951102206351505
USER_238d70d5,?,NewYork,0.0020554732818843864,0.0013511322675410341,0.9965933944505746
USER_24128d4b,?,NewYork,0.0039313830105284515,0.0030183566776464618,0.9930502603118252
USER_2481e157,?,NewYork,0.06011756257586427,0.015232867105217877,0.9246495703189179
USER_249535bf,?,NewYork,0.045490196565850426,0.46842267009379307,0.4860871333403564
USER_250ddab9,?,NewYork,0.22226312994871958,0.25519349986026746,0.522543370191013
USER_256b54bd,?,NewYork,0.0047042194795467365,0.003862486985310406,0.9914332935351429
USER_25908f1a,?,NewYork,0.02901545201039819,0.044284766771452884,0.9266997812181488
USER_25af73f5,?,NewYork,0.0689280741948769,0.03343184219486274,0.8976400836102603
USER_26007171,?,NewYork,0.12278209232368048,0.014539766888144255,0.8626781407881753
USER_2606a86d,?,California,0.9771091075435667,0.016969854620927573,0.005921037835505645
USER_2630cb48,?,NewYork,0.06512944718379514,0.022413782095745023,0.9124567707204598
USER_26da5680,?,NewYork,0.003964637609854695,0.01277270804239128,0.9832626543477542
USER_27097481,?,NewYork,0.04790176384320076,0.03399216839999474,0.9181060677568045
USER_280d4285,?,NewYork,0.026518935932563957,0.009006976600240907,0.9644740874671951
USER_286c692d,?,California,0.48195118180588675,0.20736947431154493,0.31067934388256835
USER_28c2490b,?,NewYork,0.05424298043145996,0.028554866006598546,0.9172021535619415
USER_28c66184,?,Georgia,0.01733461274497181,0.6715866445809667,0.31107874267406144
USER_2901f5d2,?,California,0.9533826784249312,0.016884767071348512,0.029732554503720438
USER_2950e8c0,?,NewYork,0.05122489911430352,0.009657951428044933,0.9391171494576515
USER_29ffb735,?,NewYork,0.01328241600323547,0.08296173466257976,0.903755849334185
USER_2a88e71c,?,NewYork,0.02951068566245422,0.4525515964843448,0.5179377178532009
USER_2aba30b4,?,NewYork,0.005289937811227621,0.006456181249641662,0.9882538809391307
USER_2adc013f,?,NewYork,0.4208843648533691,0.038313000253184924,0.5408026348934459
USER_2add8395,?,NewYork,0.06903293328514704,0.017882107686041506,0.9130849590288115
USER_2b071628,?,NewYork,0.01728571032348335,0.004137581742393615,0.978576707934123
USER_2b572e4d,?,NewYork,0.03811419393160663,0.006428844118915921,0.9554569619494775
USER_2c013f15,?,California,0.5173039761448989,0.1200842887702749,0.36261173508482636
USER_2c5739d4,?,Georgia,0.13614036650127095,0.624174509770907,0.23968512372782194
USER_2ca9481d,?,California,0.6684381442638772,0.18801322588250013,0.14354862985362285
USER_2cb61ce4,?,California,0.8910401132645116,0.027885593162785948,0.08107429357270245
USER_2cb8e6ac,?,California,0.7941948027622175,0.1139656033330841,0.09183959390469824
USER_2cd884ab,?,California,0.7910896453659176,0.031422805119202285,0.1774875495148802
USER_2d694b18,?,NewYork,0.008250514867511292,0.0050111118257851715,0.9867383733067034
USER_2f28cca9,?,California,0.45614983163196127,0.1797464606826778,0.3641037076853609
USER_2f2d6ae4,?,NewYork,0.013621823925261092,0.01229859274267142,0.9740795833320675
USER_30878eb8,?,California,0.59490864436968,0.11147648943944513,0.29361486619087485
USER_310af2fe,?,California,0.5180942368416438,0.08521116749316014,0.3966945956651961
USER_312e8b79,?,NewYork,0.008865827958955167,0.025439514202446178,0.9656946578385986
USER_313f308d,?,NewYork,0.12390779507881639,0.056538826823477425,0.8195533780977062
USER_316f17c5,?,California,0.8825641791659249,0.05968718548027411,0.05774863535380105
USER_317f2f44,?,NewYork,0.3130755008811279,0.24862717135621948,0.43829732776265257
USER_31a747b6,?,NewYork,0.011402123059168367,0.01497076906149513,0.9736271078793364
USER_31c3b3da,?,California,0.8615568602672723,0.03305097092465209,0.1053921688080757
USER_31c556c3,?,NewYork,0.004821086192826283,0.0031856905025935437,0.9919932233045801
USER_31d69de0,?,NewYork,0.004994056410826522,0.002480164911836247,0.9925257786773372
USER_31f37996,?,California,0.5465135030141612,0.18225679530588126,0.2712297016799574
USER_324bcac5,?,NewYork,0.15830157160344113,0.13754044931613504,0.7041579790804238
USER_32a5dbf3,?,Georgia,0.0239821719290712,0.9503632563663578,0.025654571704570975
USER_32ba33be,?,NewYork,0.003045082741947833,0.003986855486144597,0.9929680617719077
USER_32c96cdd,?,NewYork,0.005977844379861759,0.012215152068902713,0.9818070035512355
USER_332b44fb,?,NewYork,0.004604003115175609,0.0022595981286555916,0.9931363987561688
USER_3351df96,?,Georgia,0.12631516900254763,0.47600731657065054,0.3976775144268018
USER_3380c961,?,NewYork,0.028452954828412477,0.012347947947149078,0.9591990972244385
USER_33973a49,?,NewYork,0.3260465634665686,0.2515603987227875,0.422393037810644
USER_346e4a41,?,NewYork,0.18679311786888136,0.061123218337693394,0.7520836637934252
USER_34b503db,?,NewYork,0.04027073199881105,0.021517350736765067,0.938211917264424
USER_351841b1,?,NewYork,0.006031409554449135,0.005484677507695967,0.9884839129378549
USER_35189819,?,NewYork,0.006603906597601999,0.006225336266154713,0.9871707571362432
USER_35807dab,?,NewYork,0.024714318405181544,0.007995118111826068,0.9672905634829924
USER_358eb04b,?,NewYork,0.3729201373090399,0.13669572329425334,0.4903841393967068
USER_3611eed4,?,NewYork,0.0015930841868044576,0.0014141683776896909,0.9969927474355058
USER_362fcb4e,?,Georgia,0.37568999191676,0.45749095659017425,0.1668190514930657
USER_366ead5c,?,California,0.5215183571079397,0.13486800113893196,0.34361364175312836
USER_36aebdd0,?,California,0.6576929072677115,0.2065001659093904,0.13580692682289816
USER_3731a11a,?,NewYork,0.014055516161874643,0.006605622591058297,0.9793388612470669
USER_374a99a6,?,California,0.6609254928062632,0.0681913690192039,0.27088313817453286
USER_375ddf66,?,California,0.9513543630012372,0.010383795209773127,0.0382618417889896
USER_3761e30b,?,Georgia,0.08689450294150244,0.826391345000078,0.0867141520584194
USER_377ab802,?,NewYork,0.016080071400625225,0.022837007233565087,0.9610829213658098
USER_37d9b8a2,?,NewYork,0.26593481842218475,0.07357426626230504,0.6604909153155102
USER_37fbd81d,?,Georgia,0.00797036289790065,0.7393559513965449,0.2526736857055544
USER_382758ba,?,NewYork,0.0347171859055556,0.00687881950856565,0.9584039945858788
USER_3839a806,?,NewYork,0.1513650192721378,0.2216319475317592,0.6270030331961031
USER_385039c2,?,NewYork,0.042233163638678954,0.02894639695465821,0.9288204394066628
USER_386fabf9,?,NewYork,0.10877937966520716,0.2337460403817479,0.657474579953045
USER_3885fd0e,?,NewYork,0.017281509870358217,0.010467977841459648,0.972250512288182
USER_38878baf,?,NewYork,0.05589845578961215,0.045014976105305894,0.8990865681050819
USER_391b3f19,?,NewYork,0.017138962736034286,0.029651688086992915,0.953209349176973
USER_3926cc91,?,NewYork,0.0489474461222817,0.41358937601931545,0.5374631778584028
USER_392edeb4,?,NewYork,0.36425556399143066,0.25706858486459455,0.37867585114397473
USER_3a0cce74,?,NewYork,0.22468713368777946,0.008976504866576663,0.7663363614456437
USER_3ab1c13a,?,California,0.5092137032850055,0.32964107757730593,0.16114521913768864
USER_3b2c7aeb,?,California,0.6155014777534347,0.08218335120735548,0.30231517103920996
USER_3b3ee2a1,?,NewYork,0.05079050196526822,0.03572152530816154,0.9134879727265702
USER_3b59b7cc,?,NewYork,0.06250659842664824,0.33300276853217825,0.6044906330411736
USER_3b897a10,?,California,0.5439426212291163,0.08760722985756654,0.3684501489133173
USER_3bbacfa2,?,NewYork,0.0266350264915819,0.02216389178019786,0.9512010817282202
USER_3bcbd9f2,?,NewYork,0.004181892638064637,0.004619763657159975,0.9911983437047754
USER_3c027111,?,California,0.44096825882215224,0.16231808940175593,0.3967136517760918
USER_3cf60041,?,NewYork,0.020425326877033603,0.009170904666008969,0.9704037684569574
USER_3d364f1e,?,NewYork,0.0017377917495776131,0.0021279167380967713,0.9961342915123256
USER_3d478593,?,NewYork,0.27773378040638574,0.21378365220662257,0.5084825673869917
USER_3d4a71db,?,NewYork,0.001939528301124039,0.0012197228873423644,0.9968407488115337
USER_3d617a59,?,California,0.7861809046241971,0.10703530930108626,0.10678378607471668
USER_3d712136,?,California,0.6069650986799305,0.04901025933746446,0.3440246419826049
USER_3da11595,?,NewYork,0.03430356615160681,0.022704269559777692,0.9429921642886154
USER_3dcec70f,?,Georgia,0.38344931780227925,0.4225209917696411,0.19402969042807966
USER_3e152eed,?,NewYork,0.04245167100343951,0.09727721950403014,0.8602711094925303
USER_3e3d4fdf,?,NewYork,0.0034381456094528737,0.029779947452736308,0.9667819069378107
USER_3e65626b,?,NewYork,0.08250916515090105,0.03022917601179413,0.8872616588373046
USER_3ed488ea,?,NewYork,0.12179792001711,0.04585128648111151,0.8323507935017785
USER_3ee8fbbe,?,NewYork,0.0016619997219937382,0.002510703457748419,0.9958272968202577
USER_3f5fc595,?,NewYork,0.15045419651363978,0.03733869324562098,0.8122071102407392
USER_3f65f650,?,NewYork,0.42418569807633133,0.09115055650837883,0.4846637454152899
USER_3f6e72de,?,NewYork,0.46955323571589636,0.03874450857515491,0.49170225570894865
USER_3f73341f,?,NewYork,0.01371145488747603,0.18911374691114807,0.7971747982013759
USER_3fe167a5,?,California,0.5574254543513119,0.1286681709505012,0.31390637469818705
USER_3ff0eac2,?,California,0.4710382454935457,0.1219678509439909,0.4069939035624634
USER_4033d6b0,?,NewYork,0.01682018687869681,0.006268070707764282,0.9769117424135388
USER_40b5babf,?,NewYork,0.09623441659593951,0.017167483112511536,0.8865981002915487
USER_40e3cc5c,?,California,0.7867522145175962,0.20953282265396195,0.0037149628284418555
USER_4109c700,?,NewYork,0.01998296497439424,0.014585325016981718,0.965431710008624
USER_4139eebd,?,Georgia,0.08983816634036298,0.8446944975043431,0.06546733615529393
USER_41a32cd9,?,NewYork,0.06764506498239445,0.12219398728601114,0.8101609477315943
USER_41ae8eba,?,NewYork,0.21228461882174066,0.14418498578664715,0.6435303953916122
USER_41b1e5d3,?,California,0.8460747898528502,0.027186670747021267,0.1267385394001284
USER_41b9a343,?,NewYork,0.20091002694736135,0.1344127401870796,0.6646772328655591
USER_42058caa,?,Georgia,0.020504338884292657,0.9308257331563049,0.04866992795940252
USER_422fcf6d,?,NewYork,0.0212105379731836,0.01241217402061817,0.9663772880061983
USER_428ff9aa,?,NewYork,0.03327087519430746,0.12721061966674757,0.8395185051389448
USER_42f872d9,?,NewYork,0.00781116629331877,0.019041593822050555,0.9731472398846307
USER_42fa9813,?,NewYork,0.0028301378963589956,0.002044690753733281,0.9951251713499076
USER_43357d60,?,Georgia,0.3430333308105827,0.40894336275725063,0.24802330643216686
USER_4393579b,?,NewYork,0.01652179836622811,0.018230904450096744,0.9652472971836752
USER_43a53512,?,NewYork,0.0036775567210620614,0.002810233013264306,0.9935122102656736
USER_43a9815a,?,NewYork,0.004633348199970221,0.036839917730963206,0.9585267340690665
USER_43b45f4d,?,NewYork,0.09990397271444923,0.07042661504288476,0.829669412242666
USER_43d79f43,?,NewYork,0.028346740479667582,0.04911499845701442,0.922538261063318
USER_45102925,?,NewYork,0.002635404675638901,0.004137728488512845,0.9932268668358482
USER_451e26f1,?,NewYork,0.0017888445031776336,0.0054408091025093565,0.992770346394313
USER_45362a87,?,NewYork,0.0573588573712853,0.0069058190590240535,0.9357353235696907
USER_453a081e,?,NewYork,0.02375421986669357,0.009482525383718134,0.9667632547495882
USER_4554b4ee,?,California,0.4859420591979295,0.1767048354065801,0.33735310539549035
USER_4591ffac,?,NewYork,0.023065609183669743,0.006822737945837282,0.9701116528704931
USER_466b9a5c,?,California,0.9429538453633022,0.022563826933024618,0.03448232770367316
USER_46af6e83,?,California,0.41636803156236624,0.37515819887760804,0.20847376956002564
USER_475202df,?,NewYork,0.22214033300775857,0.04020365780148628,0.7376560091907554
USER_47b05242,?,NewYork,0.03277059235392669,0.01717998127011525,0.9500494263759581
USER_47f7fe20,?,NewYork,0.2187299527559003,0.2414333601677269,0.5398366870763728
USER_480be1ad,?,NewYork,0.008777448317408133,0.014002178605202559,0.9772203730773893
USER_48badc08,?,California,0.9798464523105005,0.00902991942692227,0.011123628262577274
USER_492787d1,?,NewYork,0.3715913963363615,0.03866015318146773,0.5897484504821707
USER_496ac393,?,Georgia,0.22293499702895556,0.6765394884264037,0.10052551454464084
USER_497fcb02,?,California,0.8133804667429776,0.03454946541819976,0.15207006783882254
USER_4997f190,?,NewYork,0.004123883537939344,0.003271557019687031,0.9926045594423737
USER_49d4be2e,?,California,0.9099199324114184,0.01597810013243106,0.07410196745615057
USER_49e82ac6,?,Georgia,0.1773981222554802,0.7072748916731536,0.11532698607136616
USER_4a43b1bc,?,NewYork,0.004559635932339599,0.0035436001167321973,0.9918967639509282
USER_4a4b8dc9,?,NewYork,0.05543022580641585,0.12802390346926584,0.8165458707243182
USER_4a7ab42d,?,California,0.4791893029938238,0.21354630593942076,0.3072643910667555
USER_4a7ed75c,?,NewYork,0.00641630193867297,0.0035665523262453443,0.9900171457350817
USER_4acc9f7a,?,NewYork,0.13992958653444643,0.03778129672513857,0.822289116740415
USER_4b5a5ed6,?,NewYork,0.3267056138730441,0.23690293912037158,0.4363914470065843
USER_4bfacfa0,?,NewYork,0.09136295642864574,0.0803026386978929,0.8283344048734613
USER_4c306943,?,NewYork,0.1505490368829659,0.10201357535560768,0.7474373877614263
USER_4c30d4e5,?,California,0.9594597537900268,0.01136117067879178,0.029179075531181417
USER_4c51c0dc,?,NewYork,0.03718505224493228,0.017670909954458528,0.9451440378006092
USER_4c62a606,?,NewYork,0.36802011769536497,0.08096279049195491,0.5510170918126802
USER_4c756692,?,Georgia,0.34591499604440656,0.3984412435069679,0.2556437604486256
USER_4d051709,?,NewYork,0.06216159932922634,0.08447068012584269,0.8533677205449309
USER_4dc8d885,?,NewYork,0.4264543335644115,0.11568601967116458,0.457859646764424
USER_4e2d1832,?,NewYork,0.026555274373363857,0.013825487850121476,0.9596192377765148
USER_4ec79b73,?,NewYork,0.02178722711696344,0.03054137905328824,0.9476713938297482
USER_4f245ab2,?,NewYork,0.2598264387389689,0.14622884453999405,0.593944716721037
USER_4f2f9b97,?,NewYork,0.287695732293942,0.3289324716864228,0.3833717960196351
USER_4fb0f981,?,NewYork,0.22847945757944016,0.04068384266061623,0.7308366997599435
USER_4fb70820,?,NewYork,0.0068860172097025205,0.008782388678854116,0.9843315941114432
USER_4fd63247,?,NewYork,0.06136872488971936,0.1342900219261224,0.8043412531841582
USER_4fd8fb1c,?,Georgia,0.0315530536890445,0.9128630646239045,0.0555838816870508
USER_502eb2e1,?,NewYork,0.005598170635882801,0.003697853265040877,0.9907039760990763
USER_50557eb6,?,NewYork,0.011372610269021635,0.012861893193668799,0.9757654965373095
USER_5071602b,?,NewYork,0.014610743590326988,0.050630183734711245,0.9347590726749616
USER_50c9925d,?,California,0.9412529870487994,0.01919253407289073,0.039554478878309825
USER_51469cab,?,NewYork,0.003922049524881392,0.003914244603850564,0.992163705871268
USER_520dddc4,?,NewYork,0.0019576318558501607,0.06562797376628292,0.932414394377867
USER_52cb1bd2,?,California,0.4267729168497801,0.17677738261538511,0.39644970053483475
USER_531dc01f,?,NewYork,0.09091619300853178,0.03405535114441535,0.8750284558470528
USER_53487451,?,California,0.7695762404133734,0.021853952689775594,0.20856980689685095
USER_53621ba3,?,NewYork,0.3733971102151654,0.21539937525366712,0.41120351453116744
USER_538e44c4,?,NewYork,0.027900486557846747,0.03067468354603461,0.9414248298961186
USER_542aa1fb,?,California,0.668665750328491,0.028448464315330674,0.3028857853561782
USER_54e9deb6,?,NewYork,0.03227880716452469,0.006331442869227403,0.961389749966248
USER_564ec211,?,NewYork,0.05328180945757375,0.09411309953347788,0.8526050910089482
USER_5673f628,?,California,0.626729708777501,0.15946626019190946,0.2138040310305895
USER_5697f699,?,NewYork,0.007970710956054977,0.0028698453073675773,0.9891594437365774
USER_569ba403,?,NewYork,0.005488411016068382,0.003975065304567955,0.9905365236793636
USER_56e785f3,?,NewYork,0.00799028473909761,0.004430018237691717,0.9875796970232106
USER_56f0f5d0,?,California,0.5685526048649281,0.03365646992840635,0.3977909252066656
USER_57186934,?,NewYork,0.004669527522784392,0.007427958935974264,0.9879025135412414
USER_572a4677,?,NewYork,0.008880866546839726,0.007677273100192908,0.9834418603529673
USER_5743262a,?,NewYork,0.06913362663039693,0.09874724660516165,0.8321191267644413
USER_57a03f1a,?,NewYork,0.24739079180802953,0.2518130572728861,0.5007961509190845
USER_58cda3f6,?,NewYork,0.005355018767164846,0.010022133983528952,0.984622847249306
USER_58f29c15,?,NewYork,0.0062688418343956,0.0020843592233426105,0.9916467989422617
USER_5941d4ce,?,NewYork,0.003350791781639456,0.001948972392098031,0.9947002358262625
USER_594dc803,?,NewYork,0.001936997712574577,0.0020680455571660318,0.9959949567302594
USER_59aaf319,?,NewYork,0.006307334133264645,0.001071436165794951,0.9926212297009404
USER_59d04e5c,?,NewYork,0.002525585303895142,0.02078429889775082,0.976690115798354
USER_59f5a7c3,?,California,0.7373850526520621,0.1769821823146569,0.08563276503328103
USER_59fef649,?,NewYork,0.014127258924471,0.030993681540776377,0.9548790595347526
USER_5a22b51f,?,California,0.9517013020211764,0.03899588828542389,0.009302809693399756
USER_5a343aa5,?,NewYork,0.0074672452503486775,0.006967488594166829,0.9855652661554846
USER_5aa66355,?,NewYork,0.01870697828001745,0.018275211027423577,0.9630178106925591
USER_5ac1aaa0,?,NewYork,0.007045719300258555,0.010010862390348249,0.9829434183093931
USER_5b6753c3,?,NewYork,0.03990546898378694,0.029582609013613224,0.9305119220025998
USER_5be35b92,?,California,0.585332072143653,0.22738915325440026,0.18727877460194683
USER_5c87eac9,?,NewYork,0.39467369281991016,0.04247294546395672,0.5628533617161331
USER_5d4fa5a6,?,California,0.4992023785737169,0.19845611738922897,0.3023415040370541
USER_5dced2c0,?,NewYork,0.09095188380176497,0.04256069638207105,0.866487419816164
USER_5deadf5b,?,California,0.45325472202338996,0.29971783600184837,0.24702744197476167
USER_5df221b1,?,California,0.8368678330391911,0.08762077927118221,0.07551138768962673
USER_5e58dd16,?,California,0.9522582395672693,0.005502902782988256,0.04223885764974253
USER_5e6c2bc1,?,California,0.8211407206493884,0.07951533398255585,0.0993439453680557
USER_5fa62451,?,NewYork,0.23590849348074508,0.024142685244710485,0.7399488212745445
USER_5feb8d1f,?,NewYork,0.09556889936560622,0.4272143921835563,0.47721670845083747
USER_606a56b9,?,NewYork,0.0026069537132528504,0.007751684930877104,0.98964136135587
USER_60c4102b,?,Georgia,0.2884592144802697,0.3872365781242752,0.32430420739545507
USER_6107e30f,?,NewYork,0.09189097734305506,0.02969427590505274,0.8784147467518922
USER_610bb3b7,?,California,0.7801389348200798,0.019193272101542133,0.20066779307837812
USER_6113e677,?,California,0.9126249978578902,0.03373324242985423,0.05364175971225547
USER_61707e96,?,NewYork,0.26113413346717657,0.1291277188574326,0.6097381476753908
USER_617635b8,?,California,0.8352843723759514,0.06804566681654375,0.09666996080750492
USER_61989839,?,NewYork,0.25426630685588913,0.3712210356487541,0.3745126574953568
USER_61e1bcf0,?,California,0.7132647324525654,0.04189776359825129,0.24483750394918335
USER_626e759d,?,NewYork,0.13180691264538535,0.2631292393353568,0.6050638480192578
USER_629ecb44,?,NewYork,0.09707871149700546,0.06161093460648237,0.8413103538965122
USER_62aae6a7,?,NewYork,0.2448092952137395,0.13538953987936092,0.6198011649068995
USER_62bbc015,?,California,0.8598855935141699,0.04793277922168475,0.0921816272641454
USER_6307c420,?,NewYork,0.029115795945274598,0.02317128758062751,0.9477129164740978
USER_630996db,?,Georgia,0.2794844723429752,0.3856809025857836,0.3348346250712413
USER_6377d61f,?,NewYork,0.13951774896691657,0.03878597496804277,0.8216962760650406
USER_63ae7b2d,?,California,0.5025248618190814,0.17908928687831663,0.31838585130260194
USER_640ad8d5,?,NewYork,0.03180419133769681,0.011261796639002505,0.9569340120233006
USER_641c9fa6,?,NewYork,0.30685980541009383,0.09416569487581648,0.5989744997140897
USER_6433b647,?,California,0.9220917754035258,0.026011595196668458,0.05189662939980579
USER_6453a2e0,?,California,0.5041654086811479,0.07254597962870846,0.4232886116901437
USER_6559bda9,?,NewYork,0.15231830764595683,0.020403732816847587,0.8272779595371955
USER_65ef019b,?,NewYork,0.031084320464088544,0.006049935196618521,0.962865744339293
USER_662ea30b,?,California,0.4047978987412207,0.31284334602558256,0.2823587552331968
USER_66f9636e,?,NewYork,0.01661336227833495,0.02667562286815504,0.95671101485351
USER_670e2a0b,?,California,0.7035836285519874,0.05787420572775026,0.23854216572026246
USER_67482d6c,?,NewYork,0.046295987479881284,0.003229316888550532,0.9504746956315683
USER_6789a05a,?,NewYork,0.05103039463908707,0.0585388272915158,0.8904307780693971
USER_68183c28,?,NewYork,0.4075032551649069,0.0943341209702704,0.4981626238648228
USER_681faecc,?,NewYork,0.013391784492102788,0.017786093264367,0.9688221222435301
USER_684a2501,?,California,0.9422156251377356,0.006024171609564343,0.051760203252700046
USER_6879cfc3,?,NewYork,0.05049167618879827,0.005644729536655135,0.9438635942745466
USER_6902a75c,?,NewYork,0.04171511854756083,0.010034734211299474,0.9482501472411398
USER_698ca49c,?,NewYork,0.15808558085262236,0.09831264860195485,0.7436017705454228
USER_69ad2883,?,Georgia,0.06935389136942278,0.7832318425222917,0.1474142661082854
USER_69c74a0d,?,Georgia,0.018037707890766516,0.882767113768194,0.09919517834103948
USER_69e7fca6,?,NewYork,0.004754767135472635,0.004876919527730265,0.9903683133367971
USER_6a4150e9,?,NewYork,0.004857584181648371,0.009034929011796772,0.9861074868065548
USER_6abbe190,?,NewYork,0.4268614225262005,0.0629823156261128,0.5101562618476866
USER_6b51eaf6,?,NewYork,0.014154737372369544,0.014117242490514837,0.9717280201371157
USER_6b76289c,?,NewYork,0.014446345356525295,0.009678007399674487,0.9758756472438002
USER_6c0ce87e,?,California,0.907336194668689,0.023654257831634825,0.06900954749967611
USER_6c396bc1,?,NewYork,0.024728407595889314,0.01993611373079678,0.9553354786733139
USER_6cb629bd,?,NewYork,0.038808458135429526,0.029358589297280836,0.9318329525672897
USER_6cb74641,?,NewYork,0.027958614355479472,0.013535256540799817,0.9585061291037208
USER_6dfb285e,?,California,0.799405957968168,0.1846316831486912,0.015962358883140793
USER_6e0b05a1,?,NewYork,0.016314362513674144,0.02551021371259786,0.9581754237737279
USER_6e5ae663,?,NewYork,0.19748736600013173,0.11107875419800839,0.6914338798018599
USER_6efc8637,?,NewYork,0.020909971647845468,0.0029379366273194494,0.9761520917248352
USER_6f9de088,?,NewYork,0.046344125253989864,0.03213730022757305,0.9215185745184372
USER_6fd22a16,?,California,0.8452403382291309,0.016392845230711148,0.13836681654015814
USER_7021d4fe,?,NewYork,0.011248021135025049,0.0037742246485325086,0.9849777542164425
USER_7031d6a0,?,California,0.7120975910755174,0.03791037876241857,0.24999203016206414
USER_703c2752,?,NewYork,0.08470981552026981,0.11465492449289943,0.8006352599868307
USER_7061da53,?,NewYork,0.0016903689471789037,0.0027103478593938175,0.9955992831934274
USER_70690adf,?,NewYork,0.10213287447136186,0.028750800489570433,0.8691163250390678
USER_70f0bcf5,?,NewYork,0.02811279988982916,0.06915850264011547,0.9027286974700554
USER_70fa2627,?,NewYork,0.021682031239525414,0.034737524492238464,0.9435804442682361
USER_7122bd33,?,NewYork,0.24444698471888143,0.02265828277956532,0.7328947325015532
USER_7124793e,?,NewYork,0.0011794898144494863,0.0044797718198877476,0.9943407383656627
USER_7148a7dd,?,NewYork,0.0028598407386829787,0.002641572911464579,0.9944985863498527
USER_715db191,?,Georgia,0.30731526468692516,0.3532326123466382,0.3394521229664365
USER_71634424,?,NewYork,0.11485574586765315,0.0961414794727941,0.7890027746595528
USER_71b44c3c,?,California,0.8127720309216726,0.0753210691294297,0.1119068999488976
USER_71d2698e,?,California,0.5579425492524077,0.04786355991981464,0.3941938908277776
USER_724f0ba2,?,California,0.8356588083608854,0.0248538653554082,0.13948732628370653
USER_7267daa2,?,NewYork,0.0017261283669945374,0.004801062872845528,0.9934728087601601
USER_73479d68,?,Georgia,0.025596260932624373,0.9453478312594965,0.029055907807879262
USER_736899c8,?,NewYork,0.015318365727412797,0.018309586415956,0.9663720478566312
USER_7374ea4c,?,NewYork,0.011097776792593751,0.005289459535259524,0.9836127636721468
USER_738b5fa1,?,NewYork,0.030651816639879127,0.007759650806829396,0.9615885325532915
USER_73b58d65,?,NewYork,0.027390151111615024,0.4555155358509699,0.517094313037415
USER_74f133ba,?,NewYork,0.0049451429243892765,0.004936686214612379,0.9901181708609983
USER_74fb72f0,?,California,0.9670024153131652,0.017050052126908546,0.015947532559926217
USER_75644e28,?,Georgia,0.08078226380965065,0.8583887280824241,0.060829008107925485
USER_75667382,?,NewYork,0.009026266310485614,0.005501964154793993,0.9854717695347204
USER_75e90c35,?,NewYork,0.023044244335022345,0.13374762211936672,0.843208133545611
USER_76772a35,?,NewYork,0.004964384508128425,0.004531330918072754,0.9905042845737988
USER_770d44e6,?,California,0.4778793760605807,0.40968196200505536,0.1124386619343639
USER_778961e9,?,California,0.516575054764645,0.2539220343323984,0.22950291090295658
USER_77d7ce58,?,California,0.9215136162506943,0.04809836334176287,0.030388020407542814
USER_77efb69c,?,Georgia,0.10577096503994311,0.5220330361663008,0.37219599879375603
USER_78d7f848,?,NewYork,0.0059596805854511305,0.0021981715246992776,0.9918421478898497
USER_79139803,?,California,0.8739914291771036,0.06152768201178791,0.06448088881110862
USER_7966ae1b,?,NewYork,0.04991835235748293,0.03667734073820395,0.9134043069043131
USER_79d6c1fd,?,NewYork,0.2767826569589141,0.030065363950345522,0.6931519790907403
USER_79df1b3e,?,NewYork,0.0026423598084600857,0.002567661958943576,0.9947899782325963
USER_7a075b20,?,California,0.7153630476730656,0.08354145072079114,0.20109550160614326
USER_7a260f17,?,NewYork,0.00584088513787001,0.007940352904175435,0.9862187619579545
USER_7b4bbba3,?,NewYork,0.003117267724591767,0.01961921345435848,0.9772635188210498
USER_7b69bd51,?,NewYork,0.10187440865503876,0.030354980896412864,0.8677706104485483
USER_7b8c76bd,?,NewYork,0.00312719778147977,0.002681120058224957,0.9941916821602955
USER_7be2032a,?,Georgia,0.1103475430098157,0.59814842664237,0.2915040303478143
USER_7c98f07a,?,NewYork,0.1484997483431258,0.3888555235696664,0.4626447280872079
USER_7d952021,?,NewYork,0.429983750144564,0.11638987447277177,0.4536263753826642
USER_7dbaa3ee,?,NewYork,0.002600439094911343,0.003370234428080455,0.9940293264770081
USER_7f178917,?,NewYork,0.23987550521806558,0.04965823817444845,0.7104662566074861
USER_7f4f9842,?,NewYork,0.037792580339471686,0.01719148483303986,0.9450159348274885
USER_7f5be0d9,?,NewYork,0.023664045538188624,0.045318012814895677,0.9310179416469158
USER_80165d12,?,NewYork,0.0020103083059800175,0.0013247618292454738,0.9966649298647746
USER_8044d2b6,?,California,0.37326483736342625,0.34853143278736864,0.27820372984920505
USER_8128d3b2,?,NewYork,0.06591870031440458,0.08600585121075352,0.8480754484748418
USER_816e9d84,?,Georgia,0.02609558013493708,0.812939685177124,0.1609647346879389
USER_817ecc31,?,NewYork,0.006223189080790107,0.009040422479507,0.9847363884397028
USER_81a65e91,?,California,0.467786462355628,0.06895367601352757,0.4632598616308444
USER_82685db9,?,NewYork,0.39527092210689896,0.07074610660641006,0.5339829712866909
USER_8386d78a,?,Georgia,0.026031079687555372,0.9437372891411745,0.030231631171270194
USER_83a5ad2d,?,NewYork,0.03260296890470744,0.07565133401118167,0.8917456970841109
USER_845b9e50,?,NewYork,0.0018215303794714584,0.0032807166492033824,0.9948977529713251
USER_84750aab,?,NewYork,0.23055103957494658,0.12013214186894064,0.6493168185561128
USER_84c6cec6,?,California,0.5087676268305087,0.09980506462593766,0.3914273085435536
USER_84f8e565,?,California,0.6097843818350347,0.0333001654704833,0.356915452694482
USER_8519d5fe,?,NewYork,0.07268962779169948,0.041039924984597596,0.886270447223703
USER_852984da,?,NewYork,0.02686715492603501,0.030846655481696256,0.9422861895922687
USER_8536db1c,?,NewYork,0.1284495692221564,0.06850175003365007,0.8030486807441937
USER_85467083,?,California,0.8643977546831123,0.018941725742592657,0.116660519574295
USER_85587748,?,NewYork,0.028840130485849734,0.06583973181261084,0.9053201377015394
USER_859d9c2e,?,NewYork,0.01639177378230513,0.05316425777354645,0.9304439684441485
USER_85e01ba2,?,California,0.9137665979322211,0.062071858623108336,0.024161543444670492
USER_86317dcd,?,Georgia,0.01723627252322636,0.883055924385441,0.09970780309133248
USER_86684402,?,NewYork,0.004118433587005723,0.00220787043392714,0.9936736959790672
USER_86caef0e,?,Georgia,0.03376303049627588,0.8488231343618718,0.11741383514185223
USER_86f2740f,?,California,0.8060627516664614,0.058137316698447475,0.13579993163509138
USER_872a6619,?,California,0.46056637731621186,0.22478184039133814,0.31465178229244994
USER_8766f6a8,?,NewYork,0.013354622701725417,0.010582054458437741,0.9760633228398369
USER_88f2d306,?,NewYork,0.011117592459469515,0.007661853867300119,0.9812205536732302
USER_891a5ac1,?,NewYork,0.04439891751645196,0.008988411926523587,0.9466126705570244
USER_893e1c79,?,Georgia,0.06037782592096109,0.9117788272473569,0.02784334683168192
USER_895401a0,?,NewYork,0.004518575826808108,0.002382325563087751,0.9930990986101041
USER_8959054b,?,NewYork,0.06071090288340558,0.03477438467727554,0.9045147124393188
USER_89aedca8,?,NewYork,0.021541320502392602,0.005839487672505292,0.972619191825102
USER_89eb84bd,?,NewYork,0.3081013914103464,0.12016577116987001,0.5717328374197834
USER_8a318f42,?,California,0.607146514357352,0.05296110526229905,0.3398923803803491
USER_8a470c86,?,California,0.530069031700139,0.29366191429421884,0.1762690540056422
USER_8acf6a6b,?,NewYork,0.12284817798163442,0.1816085727993753,0.6955432492189902
USER_8b2ea24e,?,NewYork,0.1349535162146582,0.3288328963924077,0.5362135873929341
USER_8b30e74e,?,California,0.5472820878319246,0.042447307198637305,0.41027060496943824
USER_8b4a7301,?,NewYork,0.02256710806965491,0.19524334770999258,0.7821895442203526
USER_8b58d394,?,NewYork,0.02677533006063821,0.004150807069534179,0.9690738628698276
USER_8b718df6,?,NewYork,0.04056724891031945,0.011638523772946238,0.9477942273167344
USER_8b8404dd,?,NewYork,0.18103800527204927,0.18157617141961274,0.637385823308338
USER_8b9de5fa,?,NewYork,0.002187993716224368,0.0045200668869466686,0.9932919393968289
