user-id,class,prediction,California,Georgia,NewYork
USER_001ac628,?,California,0.6159365496472687,0.3136325309119111,0.07043091944082008
USER_002ac912,?,NewYork,0.04510123929071019,0.07762855908411512,0.8772702016251747
USER_0089c6ed,?,NewYork,0.05141318245621818,0.01623826015133033,0.9323485573924514
USER_00bc828f,?,NewYork,0.008590108812152992,0.0731889618910444,0.9182209292968025
USER_00e7be97,?,NewYork,0.07779505620335675,0.06401621955474224,0.858188724241901
USER_012b2595,?,California,0.5702026626784898,0.1255460554489598,0.30425128187255024
USER_0139bf5c,?,NewYork,0.014774580721189676,0.00290608929511859,0.9823193299836918
USER_020719b6,?,NewYork,0.0005459156946626643,0.0013429529889977766,0.9981111313163398
USER_026a085b,?,NewYork,0.00846827333948115,0.008853527453766682,0.982678199206752
USER_028ea70d,?,Georgia,0.29122813701365974,0.6925310941025041,0.016240768883836243
USER_03c6b720,?,NewYork,0.003303149639963032,0.0032238052867157364,0.9934730450733213
USER_03e9e8a9,?,California,0.9804814127027381,0.008503728046156978,0.011014859251104946
USER_04b3ff64,?,California,0.9045893401790126,0.07863260398284946,0.016778055838137858
USER_04d5ae7e,?,Georgia,0.009550402892514964,0.9711453787502036,0.019304218357281498
USER_04f00846,?,NewYork,0.0019830523489692362,0.008695264192882326,0.9893216834581485
USER_059e3e4b,?,NewYork,0.06608515265900565,0.013582802916509212,0.9203320444244851
USER_060db402,?,NewYork,0.01832685437167974,0.04676499884144212,0.9349081467868782
USER_0617e84c,?,California,0.8728141957881739,0.024377175421607365,0.10280862879021878
USER_066aff57,?,Georgia,0.07315904629965576,0.8750433593244237,0.05179759437592071
USER_067bc0d1,?,NewYork,0.002685193996958207,0.0028003719933029345,0.9945144340097388
USER_06ec6026,?,NewYork,0.0459443618696255,0.030688040873401823,0.9233675972569726
USER_073ae410,?,NewYork,0.09890282220163883,0.004681125236311094,0.8964160525620501
USER_07713420,?,NewYork,0.09685546426788424,0.1408958052385537,0.762248730493562
USER_07b8a39e,?,California,0.8911541220250784,0.09510681227895007,0.013739065695971437
USER_087cd93c,?,NewYork,0.04437096742050287,0.0919534800288734,0.8636755525506237
USER_08cdff74,?,NewYork,0.0017254079859911516,0.010202627856749946,0.9880719641572588
USER_098e1532,?,NewYork,0.07248123657632224,0.06373424901344749,0.8637845144102303
USER_0995db73,?,Georgia,0.0424246055465188,0.9282716273655873,0.029303767087893992
USER_09dbf5de,?,Georgia,0.18076989671894078,0.4098671817556271,0.40936292152543213
USER_0b5fa2eb,?,NewYork,0.0021458141235616837,0.003099919339571837,0.9947542665368664
USER_0bd05d33,?,Georgia,0.00846313072964457,0.9165315457330644,0.075005323537291
USER_0c09ba5c,?,California,0.5905476061972488,0.08373566514255064,0.3257167286602005
USER_0c7bb665,?,NewYork,0.003013540250750707,0.002771385394527319,0.994215074354722
USER_0cbd8e04,?,Georgia,0.02802830615488132,0.8660009603373926,0.10597073350772616
USER_0d71ddc1,?,NewYork,0.006553674347551335,0.0007586598222738356,0.9926876658301749
USER_0d78e1b8,?,NewYork,0.004505425732874423,0.0009398411645534801,0.9945547331025721
USER_0ddfa5e6,?,Georgia,0.27882876061729184,0.48420866992943484,0.23696256945327332
USER_0e354317,?,NewYork,0.40220724328463037,0.1763513805303966,0.4214413761849729
USER_0e35810b,?,NewYork,0.20839290683876596,0.15794312849345216,0.633663964667782
USER_0e541dce,?,California,0.6277196131485354,0.052722275248461015,0.3195581116030035
USER_0e8ad62f,?,NewYork,0.018700486111716798,0.024516845891451387,0.9567826679968318
USER_0f000fe4,?,NewYork,0.0056558567626366855,0.001974063679812064,0.9923700795575514
USER_0fbe981e,?,California,0.5920879442732325,0.09476305973144394,0.31314899599532353
USER_10e660ae,?,California,0.831207357507834,0.06605027995896041,0.10274236253320558
USER_114ebefd,?,California,0.9396242828242845,0.011206654678348816,0.04916906249736673
USER_11e68741,?,California,0.3912477429130999,0.22100252718540675,0.38774972990149337
USER_12093513,?,NewYork,0.19291047631923475,0.003883155616763594,0.8032063680640017
USER_1267d8f7,?,NewYork,0.004240089161646886,0.001924361574177805,0.9938355492641754
USER_1268d148,?,NewYork,0.014974336582407695,0.014773378171713472,0.9702522852458788
USER_12e20166,?,NewYork,0.025470714291310592,0.003501444407180784,0.9710278413015088
USER_1385a20d,?,NewYork,0.010448323770590169,0.004851766472333393,0.9846999097570766
USER_13f7c11a,?,NewYork,0.04359859557757196,0.010513591183319444,0.9458878132391086
USER_14d8ba66,?,NewYork,0.26787921775057916,0.1308938717728428,0.601226910476578
USER_154028ac,?,California,0.9778082485437826,0.00742323136990963,0.014768520086307883
USER_154aa5bb,?,NewYork,0.03230523510743306,0.01604712412869986,0.9516476407638671
USER_1552bae0,?,NewYork,0.05889292515719748,0.002004804866544613,0.939102269976258
USER_1562978a,?,NewYork,0.07108062961600928,0.19733451039453037,0.7315848599894604
USER_1577a117,?,NewYork,0.006378269373071906,0.009868650507547053,0.983753080119381
USER_15cb67cc,?,NewYork,0.0014151702874564671,0.010986545512912678,0.9875982841996308
USER_16d5c2a2,?,Georgia,0.03861282533722409,0.9508898986424746,0.010497276020301333
USER_17436f9d,?,NewYork,0.05600341128988283,0.05275002690826713,0.89124656180185
USER_17ad6a4d,?,NewYork,0.0020268415481955156,0.00873272371764477,0.9892404347341596
USER_17b7197e,?,NewYork,0.0006961938995941455,0.0006215632107816057,0.9986822428896241
USER_18043b98,?,NewYork,0.0014124282991914497,0.0015210131496891188,0.9970665585511195
USER_18668846,?,NewYork,0.027984358037854207,0.02419636299402266,0.947819278968123
USER_18bfa1bf,?,NewYork,0.009220943175202894,0.0016221838791401592,0.9891568729456568
USER_1911ce8d,?,NewYork,0.3994581761572463,0.13551338779546365,0.46502843604729
USER_19325d87,?,NewYork,0.005318574804057379,0.004496370528825219,0.9901850546671174
USER_1963fbc7,?,California,0.8302522094669013,0.03574477284133157,0.13400301769176712
USER_19bec732,?,Georgia,0.41938260930807636,0.4541812579506833,0.12643613274124035
USER_19f5e58a,?,NewYork,0.15807509209997575,0.05558220005441617,0.7863427078456081
USER_1a666e73,?,NewYork,0.3469891028173216,0.01621677608087894,0.6367941211017994
USER_1ad6ec92,?,California,0.7535976179900004,0.03916345470273013,0.20723892730726953
USER_1af91382,?,NewYork,0.044685723783332264,0.017014160564853213,0.9383001156518145
USER_1b02b054,?,NewYork,0.07417295613888335,0.20488083244902294,0.7209462114120938
USER_1b0fbdca,?,California,0.9116734726932039,0.030927296731225816,0.05739923057557031
USER_1b27e15d,?,California,0.5268039436157193,0.15731603520562382,0.315880021178657
USER_1b2d5f01,?,California,0.9830746189494529,0.004376895259113551,0.012548485791433566
USER_1b47273a,?,NewYork,0.20569711661287976,0.16665061956556235,0.6276522638215579
USER_1b593ea0,?,California,0.8305169554648151,0.026860855229309404,0.14262218930587564
USER_1bad49c0,?,NewYork,0.257509116130135,0.03113370548912248,0.7113571783807424
USER_1bf805fc,?,NewYork,0.2851582412257525,0.09549249517179152,0.6193492636024559
USER_1c2bdb85,?,California,0.5691379051303074,0.11527636894714315,0.31558572592254963
USER_1c35dac9,?,California,0.8863939128695492,0.013605635148140388,0.10000045198231049
USER_1c47c320,?,California,0.5099333299768928,0.3073442513488197,0.1827224186742874
USER_1c502a4a,?,NewYork,0.09244682144093798,0.01643130377873916,0.8911218747803229
USER_1c87f445,?,Georgia,0.16675623385788174,0.4767066932910077,0.35653707285111047
USER_1cd174a5,?,Georgia,0.07173996201072598,0.6842368555552709,0.24402318243400312
USER_1ce79b71,?,NewYork,0.25721433977218733,0.043416408502625944,0.6993692517251866
USER_1d197eb1,?,NewYork,0.04443873329371174,0.11290100591113947,0.8426602607951488
USER_1d7fb750,?,NewYork,0.014547462134638211,0.006638702863531848,0.97881383500183
USER_1d9ecd1f,?,NewYork,0.0666671408615296,0.08268413079508832,0.850648728343382
USER_1e0d7389,?,NewYork,0.3211572850942964,0.16952295267654496,0.5093197622291586
USER_1e29440e,?,NewYork,0.004058320398740068,0.003437263969930522,0.9925044156313294
USER_1e2ec93e,?,California,0.6355455465401255,0.07069226767062277,0.2937621857892517
USER_1e417ec3,?,California,0.8577799536121641,0.015105920541070305,0.1271141258467655
USER_1e8adcef,?,NewYork,0.013129951309732695,0.013380923721924854,0.9734891249683424
USER_1e9813c3,?,NewYork,0.38029906144141773,0.14427611112175853,0.4754248274368238
USER_1eb22f1f,?,NewYork,0.28312842976562813,0.06493394436768818,0.6519376258666837
USER_1eeef1ca,?,NewYork,0.0034496028189370067,0.0014581439682354504,0.9950922532128275
USER_1f012225,?,NewYork,0.0045700750740515095,0.0030891379206430276,0.9923407870053055
USER_1f15e428,?,NewYork,0.1130157080586857,0.02482606271404843,0.8621582292272659
USER_1f48b92c,?,NewYork,0.15479973907015224,0.06653523966411275,0.778665021265735
USER_1fd26730,?,California,0.5404572178172198,0.27057414000637175,0.18896864217640855
USER_1fde2545,?,California,0.38012999394510194,0.336635371422155,0.283234634632743
USER_1ffc01ae,?,NewYork,0.12437263508570394,0.12721330715187087,0.7484140577624253
USER_2047ae1b,?,Georgia,0.37933747803851403,0.5045279086870895,0.11613461327439643
USER_209f9da7,?,NewYork,0.004917884689445714,0.0023703341155619033,0.9927117811949925
USER_21221c3a,?,NewYork,0.00814740680790499,0.0037662045954960687,0.9880863885965987
USER_212f6e96,?,Georgia,0.021709806719615556,0.8447381594783185,0.13355203380206582
USER_21570d2c,?,NewYork,0.03632147679201705,0.028869817609125326,0.9348087055988576
USER_216928f7,?,NewYork,0.35511375449703353,0.23236956988928095,0.41251667561368544
USER_216b9538,?,Georgia,0.027479766857855713,0.8681293645046415,0.10439086863750277
USER_21e25657,?,NewYork,0.007627980202118396,0.024010731894438357,0.9683612879034433
USER_228b4a0c,?,NewYork,0.008657724348081633,0.0031245244589421656,0.9882177511929763
USER_22d6881b,?,California,0.8981955181621991,0.04985373623777392,0.051950745600027014
USER_2370f6bf,?,NewYork,0.00032375406058005485,0.00038745636593742115,0.9992887895734825
USER_238d70d5,?,NewYork,0.000848739487642927,0.0004425718634531354,0.9987086886489039
USER_24128d4b,?,NewYork,0.0025602978279127943,0.0025621794262692434,0.994877522745818
USER_2481e157,?,NewYork,0.02238738455950296,0.004367251319141014,0.9732453641213559
USER_249535bf,?,Georgia,0.03086194355727832,0.5551790290781311,0.4139590273645905
USER_250ddab9,?,NewYork,0.2880399802262223,0.18338910970972247,0.5285709100640552
USER_256b54bd,?,NewYork,0.0018189575813441364,0.0028486058451991448,0.9953324365734567
USER_25908f1a,?,NewYork,0.01470199049584689,0.03634537490477311,0.94895263459938
USER_25af73f5,?,NewYork,0.1523177033695025,0.0391620350943766,0.8085202615361209
USER_26007171,?,NewYork,0.03857655798176435,0.008449302872220087,0.9529741391460156
USER_2606a86d,?,California,0.9888084441678483,0.008423644054810435,0.002767911777341367
USER_2630cb48,?,NewYork,0.0061651977064233745,0.016730047509383603,0.977104754784193
USER_26da5680,?,NewYork,0.001535837404367927,0.0045014831282742356,0.9939626794673578
USER_27097481,?,NewYork,0.04191467695008127,0.029785041717207705,0.928300281332711
USER_280d4285,?,NewYork,0.030872653956943552,0.006248768479704484,0.9628785775633519
USER_286c692d,?,California,0.6043418095002749,0.14728770322035104,0.24837048727937402
USER_28c2490b,?,NewYork,0.015056895946168238,0.023648670433514873,0.9612944336203169
USER_28c66184,?,Georgia,0.013643294554337018,0.6999490465344482,0.2864076589112148
USER_2901f5d2,?,California,0.9561159880637228,0.03140879402044733,0.012475217915829716
USER_2950e8c0,?,NewYork,0.02394078597114456,0.003717999412367985,0.9723412146164874
USER_29ffb735,?,NewYork,0.03256603338050538,0.053319088733333936,0.9141148778861609
USER_2a88e71c,?,NewYork,0.012600168184241459,0.3424129173833368,0.6449869144324218
USER_2aba30b4,?,NewYork,0.005729900695485856,0.006460788765803806,0.9878093105387105
USER_2adc013f,?,NewYork,0.413344069231452,0.03924702138449346,0.5474089093840545
USER_2add8395,?,NewYork,0.008269343121379814,0.004832316811849606,0.9868983400667706
USER_2b071628,?,NewYork,0.01680864780597629,0.00292389728436723,0.9802674549096565
USER_2b572e4d,?,NewYork,0.01883294118234654,0.00489924031212194,0.9762678185055315
USER_2c013f15,?,California,0.6008368336729878,0.056441955850757036,0.34272121047625514
USER_2c5739d4,?,Georgia,0.24050139385049302,0.5902264405459211,0.16927216560358577
USER_2ca9481d,?,California,0.5746355407705398,0.2995807382002722,0.125783721029188
USER_2cb61ce4,?,California,0.940030264634043,0.025324863011358816,0.034644872354598046
USER_2cb8e6ac,?,California,0.6904984224208643,0.17489477242382578,0.1346068051553099
USER_2cd884ab,?,California,0.8708190072645396,0.013377395505590691,0.11580359722986959
USER_2d694b18,?,NewYork,0.013461264118748777,0.0038495990262842608,0.982689136854967
USER_2f28cca9,?,California,0.6599140486241292,0.15230955243767696,0.1877763989381938
USER_2f2d6ae4,?,NewYork,0.007112236241618938,0.006113720726837934,0.9867740430315431
USER_30878eb8,?,California,0.49213570967581455,0.12385374420561651,0.384010546118569
USER_310af2fe,?,California,0.5357421829524225,0.042286331671858926,0.4219714853757186
USER_312e8b79,?,NewYork,0.005716101734653674,0.009730344871608362,0.9845535533937378
USER_313f308d,?,NewYork,0.15757089644611114,0.08217224774904923,0.7602568558048396
USER_316f17c5,?,California,0.9686334451356521,0.018810817935008536,0.01255573692933925
USER_317f2f44,?,NewYork,0.3205803915005361,0.17092348957343123,0.5084961189260326
USER_31a747b6,?,NewYork,0.007475100036277363,0.006356549194154788,0.9861683507695679
USER_31c3b3da,?,California,0.8896536335837624,0.01213175589363206,0.09821461052260558
USER_31c556c3,?,NewYork,0.004601136909279946,0.00294227326868164,0.9924565898220385
USER_31d69de0,?,NewYork,0.0019326381177489772,0.0009629996768576304,0.9971043622053933
USER_31f37996,?,California,0.6081050830417964,0.2049422319565004,0.18695268500170312
USER_324bcac5,?,NewYork,0.18252917046674164,0.05318163111319394,0.7642891984200645
USER_32a5dbf3,?,Georgia,0.018077556251442035,0.9631613366221996,0.018761107126358447
USER_32ba33be,?,NewYork,0.0004970629469104425,0.0011905817184546053,0.998312355334635
USER_32c96cdd,?,NewYork,0.0034479337919641148,0.004835976001542888,0.9917160902064931
USER_332b44fb,?,NewYork,0.0030771171602050483,0.0013718746615722088,0.9955510081782226
USER_3351df96,?,Georgia,0.09690942944809679,0.5419207852028184,0.3611697853490849
USER_3380c961,?,NewYork,0.011090904424452774,0.006509047847130185,0.9824000477284172
USER_33973a49,?,NewYork,0.3259619259205618,0.12469792051888391,0.5493401535605543
USER_346e4a41,?,NewYork,0.14201561106590818,0.03287366932375888,0.8251107196103329
USER_34b503db,?,NewYork,0.09699067479331493,0.014544294705836482,0.8884650305008486
USER_351841b1,?,NewYork,0.003625258946157843,0.004211899217621797,0.9921628418362204
USER_35189819,?,NewYork,0.0043661608949194085,0.00416278029483887,0.9914710588102419
USER_35807dab,?,NewYork,0.022494200995257424,0.0033999068341242777,0.9741058921706182
USER_358eb04b,?,NewYork,0.3901748072360388,0.071620156104409,0.5382050366595522
USER_3611eed4,?,NewYork,0.00044619067734152554,0.0004935428324907792,0.9990602664901678
USER_362fcb4e,?,California,0.4416929806490857,0.433513576046434,0.12479344330448028
USER_366ead5c,?,California,0.5119106482639743,0.11113802333418968,0.3769513284018361
USER_36aebdd0,?,California,0.579694987736303,0.22183802698190935,0.19846698528178755
USER_3731a11a,?,NewYork,0.004969857686195415,0.002470726362412975,0.9925594159513915
USER_374a99a6,?,California,0.6283006598547741,0.038606601169679136,0.3330927389755466
USER_375ddf66,?,California,0.9715700621251562,0.006828513861227197,0.021601424013616467
USER_3761e30b,?,Georgia,0.05883532430613157,0.9081439733729674,0.03302070232090118
USER_377ab802,?,NewYork,0.020372636137389048,0.016950041057828855,0.9626773228047821
USER_37d9b8a2,?,NewYork,0.14389171173744464,0.04085200391111312,0.8152562843514422
USER_37fbd81d,?,Georgia,0.004246111669795565,0.7778768517373277,0.21787703659287683
USER_382758ba,?,NewYork,0.024123960216951647,0.0076608921061879845,0.9682151476768605
USER_3839a806,?,NewYork,0.17298833373372102,0.14669471802429015,0.680316948241989
USER_385039c2,?,NewYork,0.035159895989981774,0.020420943505465274,0.944419160504553
USER_386fabf9,?,NewYork,0.14089527481357914,0.08812032725079721,0.7709843979356237
USER_3885fd0e,?,NewYork,0.0038469810765544843,0.0024357390405578523,0.9937172798828876
USER_38878baf,?,NewYork,0.08260771660661594,0.049811592572927034,0.8675806908204571
USER_391b3f19,?,NewYork,0.0033231783398833693,0.012010060469082182,0.9846667611910345
USER_3926cc91,?,NewYork,0.04425715520754912,0.2906331622109193,0.6651096825815316
USER_392edeb4,?,NewYork,0.25189878190107784,0.3581025629745057,0.3899986551244163
USER_3a0cce74,?,NewYork,0.15979394171203393,0.005277230179666328,0.8349288281082998
USER_3ab1c13a,?,California,0.687484667725873,0.14018745112897807,0.17232788114514902
USER_3b2c7aeb,?,California,0.666846404705566,0.14491033144930682,0.18824326384512713
USER_3b3ee2a1,?,NewYork,0.042323455588867354,0.01701568513926465,0.9406608592718679
USER_3b59b7cc,?,NewYork,0.05704197154602471,0.2853860479701109,0.6575719804838644
USER_3b897a10,?,California,0.4742177769378898,0.0666413289165579,0.45914089414555237
USER_3bbacfa2,?,NewYork,0.007346317527453915,0.00796554929484403,0.984688133177702
USER_3bcbd9f2,?,NewYork,0.002475703550273405,0.005172301864768442,0.992351994584958
USER_3c027111,?,NewYork,0.34002684347468665,0.18584178376724558,0.4741313727580678
USER_3cf60041,?,NewYork,0.014646998354831133,0.007408289013463993,0.977944712631705
USER_3d364f1e,?,NewYork,0.00048087916686209047,0.0004913671827968634,0.999027753650341
USER_3d478593,?,NewYork,0.3174272362714237,0.23858834224352188,0.44398442148505435
USER_3d4a71db,?,NewYork,0.0004022816399759351,0.000515286610251853,0.9990824317497723
USER_3d617a59,?,California,0.6727471092652775,0.16545201204046367,0.1618008786942587
USER_3d712136,?,California,0.8638599807742483,0.02811933069757737,0.10802068852817441
USER_3da11595,?,NewYork,0.020377980296755593,0.015219411733512354,0.9644026079697321
USER_3dcec70f,?,Georgia,0.22771297676572455,0.5869311960730288,0.18535582716124674
USER_3e152eed,?,NewYork,0.04826361166063631,0.13694680705791218,0.8147895812814515
USER_3e3d4fdf,?,NewYork,0.0026336713843757935,0.008099382835634975,0.9892669457799892
USER_3e65626b,?,NewYork,0.08603252675455215,0.02345696571975334,0.8905105075256945
USER_3ed488ea,?,NewYork,0.09942003315245221,0.036740719361592816,0.863839247485955
USER_3ee8fbbe,?,NewYork,0.0007331821666691257,0.0008243463246886124,0.9984424715086424
USER_3f5fc595,?,NewYork,0.1709764619608229,0.029356199598426037,0.799667338440751
USER_3f65f650,?,NewYork,0.43034207737027225,0.054846589323452474,0.5148113333062753
USER_3f6e72de,?,NewYork,0.4654770931359003,0.03580065503596247,0.49872225182813723
USER_3f73341f,?,NewYork,0.01527275747538675,0.10598840680431873,0.8787388357202945
USER_3fe167a5,?,California,0.5825432930670157,0.17206022095388418,0.24539648597910013
USER_3ff0eac2,?,California,0.4809550023975252,0.147700688335353,0.3713443092671218
USER_4033d6b0,?,NewYork,0.029921024902201623,0.00868238075465375,0.9613965943431445
USER_40b5babf,?,NewYork,0.05384927467782562,0.006435111579533853,0.9397156137426405
USER_40e3cc5c,?,California,0.8211303885641988,0.17714939256610593,0.0017202188696952957
USER_4109c700,?,NewYork,0.02936231343947395,0.007227808836815111,0.9634098777237109
USER_4139eebd,?,Georgia,0.15217966769367564,0.7845713583815401,0.06324897392478428
USER_41a32cd9,?,NewYork,0.06102963115535474,0.07670017803227555,0.8622701908123698
USER_41ae8eba,?,NewYork,0.23002484844100776,0.10252529795634993,0.6674498536026423
USER_41b1e5d3,?,California,0.6489572829507663,0.048976394470626974,0.30206632257860666
USER_41b9a343,?,NewYork,0.24548411987085836,0.13434949565955862,0.620166384469583
USER_42058caa,?,Georgia,0.028989351220148896,0.9359679268610968,0.03504272191875428
USER_422fcf6d,?,NewYork,0.007073670007150108,0.0030717910374415285,0.9898545389554083
USER_428ff9aa,?,NewYork,0.02276217906259917,0.10729227910525024,0.8699455418321506
USER_42f872d9,?,NewYork,0.0066411396206243044,0.009830784031064976,0.9835280763483105
USER_42fa9813,?,NewYork,0.0011658538412801837,0.0006856145545675689,0.9981485316041523
USER_43357d60,?,California,0.4810553458505291,0.30679486945099343,0.2121497846984775
USER_4393579b,?,NewYork,0.008812196332684792,0.008351244474739356,0.9828365591925757
USER_43a53512,?,NewYork,0.0008517215988358619,0.0009586842318408085,0.9981895941693234
USER_43a9815a,?,NewYork,0.003928372243969282,0.04155484514696396,0.9545167826090667
USER_43b45f4d,?,NewYork,0.0823035874770908,0.045521775740027366,0.8721746367828819
USER_43d79f43,?,NewYork,0.015827276010758125,0.014980160892839756,0.9691925630964021
USER_45102925,?,NewYork,0.0010063759394858362,0.0030191187211250073,0.9959745053393891
USER_451e26f1,?,NewYork,0.0006597807598696767,0.0015879284077095865,0.9977522908324207
USER_45362a87,?,NewYork,0.042540331132659884,0.005092860360383906,0.9523668085069561
USER_453a081e,?,NewYork,0.006665225784989905,0.00288768561032084,0.9904470886046892
USER_4554b4ee,?,California,0.5897635799491963,0.12967730551835654,0.28055911453244725
USER_4591ffac,?,NewYork,0.007414568527573261,0.0040959751659605925,0.9884894563064662
USER_466b9a5c,?,California,0.9585681130319775,0.018078696371255337,0.023353190596767007
USER_46af6e83,?,California,0.5791822805279516,0.24576690611293794,0.1750508133591105
USER_475202df,?,NewYork,0.23405853776315252,0.0361853973947795,0.7297560648420679
USER_47b05242,?,NewYork,0.02362090822606489,0.007981166475058138,0.9683979252988769
USER_47f7fe20,?,NewYork,0.37602409847127716,0.19486776378535878,0.429108137743364
USER_480be1ad,?,NewYork,0.011548634817673773,0.01418861233636081,0.9742627528459655
USER_48badc08,?,California,0.9866598825531094,0.0066957265865154976,0.006644390860375035
USER_492787d1,?,NewYork,0.3673686911238781,0.035705449631405255,0.5969258592447166
USER_496ac393,?,Georgia,0.297597981823804,0.598427098613666,0.10397491956253004
USER_497fcb02,?,California,0.8452433495579198,0.04431625267632355,0.11044039776575676
USER_4997f190,?,NewYork,0.001513487389720883,0.001648018821309584,0.9968384937889695
USER_49d4be2e,?,California,0.9497802299765076,0.020246352337460694,0.029973417686031706
USER_49e82ac6,?,Georgia,0.19194746507975635,0.6854966980800359,0.12255583684020782
USER_4a43b1bc,?,NewYork,0.0035186017815839426,0.0015286092220991013,0.994952788996317
USER_4a4b8dc9,?,NewYork,0.036891814047967125,0.06600830638925545,0.8970998795627774
USER_4a7ab42d,?,California,0.391766659323086,0.3330587728033739,0.27517456787354005
USER_4a7ed75c,?,NewYork,0.004230809386069054,0.0016098900367398942,0.9941593005771912
USER_4acc9f7a,?,NewYork,0.11372008765248645,0.015441551742059878,0.8708383606054538
USER_4b5a5ed6,?,NewYork,0.35586256742150096,0.2386218473180972,0.4055155852604018
USER_4bfacfa0,?,NewYork,0.046827409625121136,0.05832999025520531,0.8948426001196736
USER_4c306943,?,NewYork,0.20199455539208916,0.13068696733867075,0.6673184772692402
USER_4c30d4e5,?,California,0.9761218087729948,0.010880339822595713,0.012997851404409398
USER_4c51c0dc,?,NewYork,0.027811475719003012,0.012248380430174675,0.9599401438508224
USER_4c62a606,?,NewYork,0.2430697748074245,0.03017493548192051,0.7267552897106551
USER_4c756692,?,California,0.4556073485652733,0.34645012932254254,0.19794252211218422
USER_4d051709,?,NewYork,0.0678604273950467,0.09199528644369012,0.8401442861612632
USER_4dc8d885,?,NewYork,0.2531080504752859,0.09762185331042217,0.649270096214292
USER_4e2d1832,?,NewYork,0.0337845474567633,0.010566477546315633,0.9556489749969211
USER_4ec79b73,?,NewYork,0.02168592780803967,0.012208156968745066,0.9661059152232153
USER_4f245ab2,?,NewYork,0.18230895213286835,0.13472066845762892,0.6829703794095027
USER_4f2f9b97,?,Georgia,0.2380306222633757,0.45821301594179525,0.303756361794829
USER_4fb0f981,?,NewYork,0.2414193858459309,0.07989641635167574,0.6786841978023934
USER_4fb70820,?,NewYork,0.0032772416000596276,0.004967421042104953,0.9917553373578353
USER_4fd63247,?,NewYork,0.09967375050436592,0.08584826435678772,0.8144779851388463
USER_4fd8fb1c,?,Georgia,0.018850827787171474,0.9530100990068088,0.02813907320601975
USER_502eb2e1,?,NewYork,0.0032533503589454293,0.002589747404999571,0.994156902236055
USER_50557eb6,?,NewYork,0.015832721069996083,0.017992647396737664,0.9661746315332662
USER_5071602b,?,NewYork,0.021045472869333323,0.06101451342137114,0.9179400137092956
USER_50c9925d,?,California,0.9351734957971252,0.028155453032486302,0.03667105117038854
USER_51469cab,?,NewYork,0.0015452336763748904,0.0016669907725618627,0.9967877755510633
USER_520dddc4,?,NewYork,0.0005926893117030803,0.03493108584191218,0.9644762248463846
USER_52cb1bd2,?,NewYork,0.32207754240787684,0.12973187641979908,0.5481905811723241
USER_531dc01f,?,NewYork,0.07967481472364492,0.020566152594010276,0.8997590326823448
USER_53487451,?,California,0.7401505199953968,0.02442760138054883,0.23542187862405434
USER_53621ba3,?,California,0.6300953355714151,0.13323921283756407,0.23666545159102104
USER_538e44c4,?,NewYork,0.014962090935379051,0.016894174245877407,0.9681437348187435
USER_542aa1fb,?,California,0.7311698523507156,0.02065001813018033,0.24818012951910415
USER_54e9deb6,?,NewYork,0.013673401974809714,0.003704530646613005,0.9826220673785773
USER_564ec211,?,NewYork,0.02986785952752337,0.02798040009368381,0.9421517403787929
USER_5673f628,?,California,0.6084705218123454,0.2618128061900381,0.12971667199761655
USER_5697f699,?,NewYork,0.0023707294353369963,0.0009327408737297315,0.9966965296909333
USER_569ba403,?,NewYork,0.0038173756933937574,0.0021633386482424184,0.9940192856583638
USER_56e785f3,?,NewYork,0.0029504878608447044,0.0019639469570605795,0.9950855651820947
USER_56f0f5d0,?,California,0.6572498175596705,0.03499772897078185,0.30775245346954766
USER_57186934,?,NewYork,0.00205449578366593,0.0016370045423177808,0.9963084996740162
USER_572a4677,?,NewYork,0.005247572383683318,0.004919249479839267,0.9898331781364774
USER_5743262a,?,NewYork,0.05958821857432624,0.08858705858853279,0.851824722837141
USER_57a03f1a,?,California,0.4167772253889243,0.2902592233645071,0.2929635512465686
USER_58cda3f6,?,NewYork,0.0021946287299773027,0.0022817922394351817,0.9955235790305876
USER_58f29c15,?,NewYork,0.0022534264871856688,0.0017400333518645381,0.9960065401609498
USER_5941d4ce,?,NewYork,0.0010772383872581152,0.0011711818914063546,0.9977515797213355
USER_594dc803,?,NewYork,0.0012050640961133701,0.0013292641758153566,0.9974656717280712
USER_59aaf319,?,NewYork,0.002175759788207145,0.00018711096160251633,0.9976371292501903
USER_59d04e5c,?,NewYork,0.0008252041026333275,0.009199576406570903,0.9899752194907959
USER_59f5a7c3,?,California,0.7169955956760867,0.2110540321787587,0.07195037214515462
USER_59fef649,?,NewYork,0.010151865897659183,0.024521771176509714,0.9653263629258312
USER_5a22b51f,?,California,0.9587971291937016,0.03487600965164661,0.0063268611546518465
USER_5a343aa5,?,NewYork,0.005269000955478458,0.00483755029590519,0.9898934487486164
USER_5aa66355,?,NewYork,0.018897310507928675,0.0214776794361183,0.9596250100559529
USER_5ac1aaa0,?,NewYork,0.005601497864443892,0.005996687177704739,0.9884018149578513
USER_5b6753c3,?,NewYork,0.020421429496994117,0.01922055709706038,0.9603580134059457
USER_5be35b92,?,California,0.6494265508196129,0.14300193534599778,0.2075715138343894
USER_5c87eac9,?,NewYork,0.34153355611020303,0.0588293244692429,0.599637119420554
USER_5d4fa5a6,?,California,0.6539666888882688,0.07969924141880132,0.26633406969292983
USER_5dced2c0,?,NewYork,0.11185275845628628,0.030978340675791385,0.8571689008679223
USER_5deadf5b,?,California,0.420517079805089,0.29308115957454245,0.28640176062036854
USER_5df221b1,?,California,0.9045446394855969,0.05047471208269447,0.04498064843170852
USER_5e58dd16,?,California,0.9651829822422223,0.013650392789125073,0.02116662496865277
USER_5e6c2bc1,?,California,0.8412802828751981,0.10138040404853244,0.0573393130762694
USER_5fa62451,?,NewYork,0.34962438362059434,0.025089963603003754,0.625285652776402
USER_5feb8d1f,?,NewYork,0.07517524070682326,0.3794971276723401,0.5453276316208366
USER_606a56b9,?,NewYork,0.0012300529464929636,0.0032990098927137075,0.9954709371607933
USER_60c4102b,?,Georgia,0.14639792576693225,0.547665871247719,0.3059362029853487
USER_6107e30f,?,NewYork,0.059799873395763516,0.021818287939208963,0.9183818386650275
USER_610bb3b7,?,California,0.8724994610233673,0.014562813761237218,0.11293772521539555
USER_6113e677,?,California,0.9513817439750165,0.016646641301796473,0.03197161472318706
USER_61707e96,?,NewYork,0.11513690427305233,0.11239688015074234,0.7724662155762052
USER_617635b8,?,California,0.8592411250927537,0.06225276017631517,0.07850611473093097
USER_61989839,?,NewYork,0.15745540360782015,0.35226996047368947,0.4902746359184903
USER_61e1bcf0,?,California,0.7374807700513274,0.035954905692208355,0.22656432425646422
USER_626e759d,?,NewYork,0.12192621891081455,0.26939216853778103,0.6086816125514044
USER_629ecb44,?,NewYork,0.13564033278373455,0.034647737964583016,0.8297119292516825
USER_62aae6a7,?,NewYork,0.18137365092720428,0.14743691455639354,0.6711894345164022
USER_62bbc015,?,California,0.8767743815902047,0.056479483897226866,0.06674613451256838
USER_6307c420,?,NewYork,0.025245499966097384,0.021369170916818978,0.9533853291170836
USER_630996db,?,California,0.4038855012832982,0.29124822163504294,0.30486627708165875
USER_6377d61f,?,NewYork,0.3478433583283723,0.032434197967895026,0.6197224437037326
USER_63ae7b2d,?,NewYork,0.4130912812762626,0.0873457652460177,0.49956295347771973
USER_640ad8d5,?,NewYork,0.02160430973655215,0.0058025506680971905,0.9725931395953508
USER_641c9fa6,?,NewYork,0.24426934232277123,0.14333287400195713,0.6123977836752716
USER_6433b647,?,California,0.9391558655023106,0.015984240634581245,0.04485989386310822
USER_6453a2e0,?,California,0.5932568533312543,0.05999963158614029,0.3467435150826053
USER_6559bda9,?,NewYork,0.039656118521878746,0.020536678569423185,0.939807202908698
USER_65ef019b,?,NewYork,0.03275641799315692,0.0034969919891615765,0.9637465900176816
USER_662ea30b,?,NewYork,0.31973979371561523,0.3031724135811078,0.377087792703277
USER_66f9636e,?,NewYork,0.022002951764525214,0.013907067107504702,0.96408998112797
USER_670e2a0b,?,California,0.7611177086427776,0.04337134185924176,0.1955109494979807
USER_67482d6c,?,NewYork,0.0651838723984897,0.002766404102963069,0.9320497234985472
USER_6789a05a,?,NewYork,0.005405693717568549,0.004929311512740599,0.9896649947696909
USER_68183c28,?,NewYork,0.46400343948534467,0.0700123429724958,0.4659842175421596
USER_681faecc,?,NewYork,0.01027382417272374,0.01205402207225612,0.9776721537550203
USER_684a2501,?,California,0.9408757348067899,0.0055033599831756375,0.05362090521003458
USER_6879cfc3,?,NewYork,0.033065822682437754,0.004831002563238118,0.9621031747543243
USER_6902a75c,?,NewYork,0.02403737937761687,0.005242835809101429,0.9707197848132817
USER_698ca49c,?,NewYork,0.08721023240204802,0.053635128667833924,0.859154638930118
USER_69ad2883,?,Georgia,0.08548487419077032,0.7848004836801079,0.12971464212912187
USER_69c74a0d,?,Georgia,0.009991685068078456,0.9382668297682546,0.05174148516366701
USER_69e7fca6,?,NewYork,0.0026376826977124995,0.003642806312352491,0.993719510989935
USER_6a4150e9,?,NewYork,0.0034561247990246785,0.004295619319767486,0.992248255881208
USER_6abbe190,?,California,0.5049920756139767,0.04170131687255496,0.4533066075134683
USER_6b51eaf6,?,NewYork,0.006205292246151737,0.00635004511943991,0.9874446626344084
USER_6b76289c,?,NewYork,0.009794943068209806,0.007578246318036738,0.9826268106137536
USER_6c0ce87e,?,California,0.9179756290617748,0.0230579698245196,0.058966401113705685
USER_6c396bc1,?,NewYork,0.03384866276505436,0.0279108248891098,0.9382405123458358
USER_6cb629bd,?,NewYork,0.03456881324671634,0.028850303823855325,0.9365808829294284
USER_6cb74641,?,NewYork,0.021968024090349,0.009369030852921175,0.9686629450567299
USER_6dfb285e,?,California,0.8527086244009102,0.12942665572822498,0.017864719870864774
USER_6e0b05a1,?,NewYork,0.013374993248558559,0.022009979852190404,0.9646150268992509
USER_6e5ae663,?,NewYork,0.08019963735534627,0.06998769483599443,0.8498126678086593
USER_6efc8637,?,NewYork,0.018766469469081625,0.0014779500454793091,0.979755580485439
USER_6f9de088,?,NewYork,0.04774004900658079,0.0238506669828987,0.9284092840105206
USER_6fd22a16,?,California,0.6575495995451123,0.053435537582594485,0.2890148628722933
USER_7021d4fe,?,NewYork,0.006530951287642391,0.0021063353316263,0.9913627133807313
USER_7031d6a0,?,California,0.7759737928427562,0.021954665429695926,0.2020715417275477
USER_703c2752,?,NewYork,0.08545342842412265,0.12993590299024482,0.7846106685856324
USER_7061da53,?,NewYork,0.000664036038346495,0.0019773569123396704,0.9973586070493137
USER_70690adf,?,NewYork,0.10492423340245667,0.017860758169888906,0.8772150084276544
USER_70f0bcf5,?,NewYork,0.02178404725065105,0.06281715321149045,0.9153987995378585
USER_70fa2627,?,NewYork,0.014309461788385849,0.016436110993879097,0.9692544272177351
USER_7122bd33,?,NewYork,0.09887899837382909,0.009984599351140388,0.8911364022750304
USER_7124793e,?,NewYork,0.0004835123486241871,0.0018951931106822742,0.9976212945406934
USER_7148a7dd,?,NewYork,0.0013809477649719935,0.003873586398227677,0.9947454658368002
USER_715db191,?,California,0.36108064729587613,0.35981425958667246,0.2791050931174514
USER_71634424,?,NewYork,0.032834230105800666,0.040955002455407515,0.9262107674387918
USER_71b44c3c,?,California,0.8759849561147937,0.03150703928912681,0.09250800459607941
USER_71d2698e,?,California,0.5892728853101921,0.03012382987460644,0.38060328481520145
USER_724f0ba2,?,California,0.8677506312921296,0.014094994392209877,0.11815437431566064
USER_7267daa2,?,NewYork,0.0008555718823183335,0.004924717004310693,0.9942197111133709
USER_73479d68,?,Georgia,0.035783243788188715,0.9420463472647169,0.022170408947094267
USER_736899c8,?,NewYork,0.017801763161375862,0.010827603163630323,0.9713706336749939
USER_7374ea4c,?,NewYork,0.004826286812997946,0.0034705380267529484,0.991703175160249
USER_738b5fa1,?,NewYork,0.021785958752624162,0.0032217886658078786,0.974992252581568
USER_73b58d65,?,NewYork,0.013685151801800344,0.18885260028405376,0.7974622479141458
USER_74f133ba,?,NewYork,0.002861565609640208,0.0020473190339522235,0.9950911153564075
USER_74fb72f0,?,California,0.973580415479022,0.014049629984696103,0.012369954536281999
USER_75644e28,?,Georgia,0.035111612927533446,0.8695312589397339,0.09535712813273264
USER_75667382,?,NewYork,0.002401281244334706,0.004890786668607647,0.9927079320870577
USER_75e90c35,?,NewYork,0.013513737123535492,0.054325773912778395,0.9321604889636861
USER_76772a35,?,NewYork,0.002997745733232641,0.0033934075310562747,0.9936088467357111
USER_770d44e6,?,California,0.5894774755517453,0.34508587875128055,0.06543664569697423
USER_778961e9,?,California,0.5256883075529143,0.20780764174195587,0.2665040507051297
USER_77d7ce58,?,California,0.9309797323429294,0.0334108468940045,0.03560942076306606
USER_77efb69c,?,NewYork,0.08264908589351531,0.42420039649350616,0.4931505176129787
USER_78d7f848,?,NewYork,0.0030285686187661405,0.001299507059553715,0.9956719243216802
USER_79139803,?,California,0.9156332477932166,0.03901155387157317,0.04535519833521004
USER_7966ae1b,?,NewYork,0.03433462924930427,0.031056477275933525,0.9346088934747621
USER_79d6c1fd,?,NewYork,0.10689943482847662,0.008510629808857445,0.8845899353626658
USER_79df1b3e,?,NewYork,0.0015899823028024567,0.0020075199723407207,0.9964024977248568
USER_7a075b20,?,California,0.6299635723379708,0.10473300388147416,0.265303423780555
USER_7a260f17,?,NewYork,0.0013712724440239042,0.0025626244245620143,0.9960661031314142
USER_7b4bbba3,?,NewYork,0.002115334974157411,0.016349558225224065,0.9815351068006185
USER_7b69bd51,?,NewYork,0.04213648381203837,0.022016709882406314,0.9358468063055553
USER_7b8c76bd,?,NewYork,0.0017793824948991737,0.0010096221710366646,0.9972109953340642
USER_7be2032a,?,Georgia,0.2761828471694648,0.4498896086412201,0.2739275441893151
USER_7c98f07a,?,NewYork,0.1737473291865263,0.3498679627029814,0.4763847081104923
USER_7d952021,?,NewYork,0.21941563580747295,0.13233244680615,0.6482519173863771
USER_7dbaa3ee,?,NewYork,0.0013535042478487768,0.0019604313687600415,0.9966860643833911
USER_7f178917,?,NewYork,0.10857666214382555,0.029612692537126117,0.8618106453190483
USER_7f4f9842,?,NewYork,0.02953429007862084,0.008229565860312486,0.9622361440610666
USER_7f5be0d9,?,NewYork,0.02684705355657475,0.023823940354074178,0.949329006089351
USER_80165d12,?,NewYork,0.0010617889488767933,0.0006578101139697349,0.9982804009371535
USER_8044d2b6,?,NewYork,0.1921654454592822,0.19850289241335867,0.609331662127359
USER_8128d3b2,?,NewYork,0.02517470469475273,0.035564829062235966,0.9392604662430113
USER_816e9d84,?,Georgia,0.019541792266473356,0.8607752429704197,0.11968296476310687
USER_817ecc31,?,NewYork,0.006580303104289746,0.0033402491143143453,0.9900794477813959
USER_81a65e91,?,NewYork,0.4468519171976463,0.06611707337648431,0.4870310094258694
USER_82685db9,?,NewYork,0.4440663641135018,0.058992846361118116,0.49694078952538007
USER_8386d78a,?,Georgia,0.021115925865391665,0.9458625296032134,0.03302154453139479
USER_83a5ad2d,?,NewYork,0.03275384217591297,0.04202042870724094,0.9252257291168461
USER_845b9e50,?,NewYork,0.0003476560791496828,0.0014914677883875022,0.9981608761324628
USER_84750aab,?,NewYork,0.2790411085716825,0.15767175703843037,0.5632871343898872
USER_84c6cec6,?,California,0.5667856374805921,0.07753857680163376,0.3556757857177742
USER_84f8e565,?,California,0.6223241209106386,0.046077789041542694,0.3315980900478188
USER_8519d5fe,?,NewYork,0.038319759590250996,0.020227543365034028,0.9414526970447149
USER_852984da,?,NewYork,0.030446488988395214,0.036779489091831194,0.9327740219197737
USER_8536db1c,?,NewYork,0.0416207765649696,0.02658870313120206,0.9317905203038283
USER_85467083,?,California,0.9307003865313143,0.010664404377492775,0.058635209091192984
USER_85587748,?,NewYork,0.06080734820609751,0.0655318079646601,0.8736608438292423
USER_859d9c2e,?,NewYork,0.012579020731390956,0.046651194200868794,0.9407697850677402
USER_85e01ba2,?,California,0.9538982828663526,0.0380185528603068,0.008083164273340493
USER_86317dcd,?,Georgia,0.015639863302245583,0.8926770718657161,0.09168306483203825
USER_86684402,?,NewYork,0.0009638222864812111,0.0008245380042940631,0.9982116397092247
USER_86caef0e,?,Georgia,0.04264828248603466,0.8008207989636786,0.1565309185502866
USER_86f2740f,?,California,0.7253543221183596,0.07336827568865693,0.2012774021929834
USER_872a6619,?,California,0.5048768156384406,0.16299391825120357,0.332129266110356
USER_8766f6a8,?,NewYork,0.010468449914382843,0.0031295899995609166,0.9864019600860562
USER_88f2d306,?,NewYork,0.007245796825677051,0.003561763275941944,0.9891924398983812
USER_891a5ac1,?,NewYork,0.03860638385907102,0.00508065240107101,0.9563129637398579
USER_893e1c79,?,Georgia,0.05831921139065657,0.92409295135193,0.0175878372574133
USER_895401a0,?,NewYork,0.001324251663821404,0.000539692542901496,0.998136055793277
USER_8959054b,?,NewYork,0.0636025237330637,0.016992836682011028,0.9194046395849252
USER_89aedca8,?,NewYork,0.023383501044233375,0.005854096012572827,0.9707624029431938
USER_89eb84bd,?,NewYork,0.34783939881262693,0.12468374363308976,0.5274768575542832
USER_8a318f42,?,California,0.5611623098665198,0.08007816128822696,0.3587595288452532
USER_8a470c86,?,Georgia,0.3867051863431228,0.4092805720572924,0.2040142415995848
USER_8acf6a6b,?,NewYork,0.0641522704080755,0.1530524693904409,0.7827952602014836
USER_8b2ea24e,?,Georgia,0.1084202248950363,0.5334273362966807,0.35815243880828307
USER_8b30e74e,?,California,0.5210637091735286,0.028511646458550012,0.4504246443679214
USER_8b4a7301,?,NewYork,0.01930975779753365,0.13399677840424198,0.8466934637982244
USER_8b58d394,?,NewYork,0.009040616162422683,0.002043992951889479,0.9889153908856879
USER_8b718df6,?,NewYork,0.04562822290135586,0.009838730421050781,0.9445330466775933
