user-id,class,prediction,California,Georgia,NewYork
USER_001ac628,?,California,0.6991869926761201,0.18348797179220058,0.11732503553167936
USER_002ac912,?,NewYork,0.16954321938572786,0.07899803668612833,0.7514587439281438
USER_0089c6ed,?,NewYork,0.22454285818048014,0.02413624627984093,0.7513208955396791
USER_00bc828f,?,NewYork,0.02236077963172712,0.10049797810962736,0.8771412422586456
USER_00e7be97,?,NewYork,0.1439569386624732,0.15572292330511336,0.7003201380324134
USER_012b2595,?,California,0.4455783327928166,0.14953752614238083,0.40488414106480247
USER_0139bf5c,?,NewYork,0.015398829435074347,0.008953060583063917,0.9756481099818617
USER_020719b6,?,NewYork,0.0029390132266294486,0.0025060006289465433,0.994554986144424
USER_026a085b,?,NewYork,0.01287323652524313,0.019374050639797115,0.9677527128349598
USER_028ea70d,?,Georgia,0.3362636534233792,0.6310854621726788,0.032650884403941996
USER_03c6b720,?,NewYork,0.00664735505129954,0.004613230509576041,0.9887394144391245
USER_03e9e8a9,?,California,0.9494824580601197,0.018599109718683206,0.031918432221197085
USER_04b3ff64,?,California,0.8374461031289372,0.043252439704255755,0.11930145716680714
USER_04d5ae7e,?,Georgia,0.01752276114242711,0.938246877833586,0.0442303610239868
USER_04f00846,?,NewYork,0.005234222748897492,0.01787449787488653,0.9768912793762161
USER_059e3e4b,?,NewYork,0.06421862197180381,0.027113898696222397,0.9086674793319739
USER_060db402,?,NewYork,0.02854289314300522,0.10535427428774849,0.8661028325692463
USER_0617e84c,?,California,0.8595731794553391,0.008456678668672533,0.13197014187598843
USER_066aff57,?,Georgia,0.13668028601047777,0.8089573740243886,0.054362339965133656
USER_067bc0d1,?,NewYork,0.01026733438672732,0.009557325022396215,0.9801753405908765
USER_06ec6026,?,NewYork,0.10940396740110442,0.06944795674094849,0.821148075857947
USER_073ae410,?,NewYork,0.12199708615465177,0.012613758790095034,0.8653891550552532
USER_07713420,?,NewYork,0.29072063754443356,0.12514863447733857,0.584130727978228
USER_07b8a39e,?,California,0.8816948332379018,0.06835504132707353,0.0499501254350248
USER_087cd93c,?,NewYork,0.10648477001184478,0.09974406932337161,0.7937711606647836
USER_08cdff74,?,NewYork,0.003922762848912156,0.01865364239254927,0.9774235947585385
USER_098e1532,?,NewYork,0.0659975098463447,0.033234203366166414,0.9007682867874888
USER_0995db73,?,Georgia,0.060629454847884026,0.8205162557066549,0.1188542894454612
USER_09dbf5de,?,Georgia,0.11441121585125354,0.5588902914403525,0.326698492708394
USER_0b5fa2eb,?,NewYork,0.006976703840691184,0.005621331653382005,0.9874019645059269
USER_0bd05d33,?,Georgia,0.01780695296590439,0.8243093021824807,0.15788374485161497
USER_0c09ba5c,?,California,0.5582492347819055,0.08884793917213213,0.35290282604596235
USER_0c7bb665,?,NewYork,0.01040440469617017,0.004604115636303315,0.9849914796675265
USER_0cbd8e04,?,Georgia,0.08528433932919235,0.7895268418305202,0.12518881884028743
USER_0d71ddc1,?,NewYork,0.014059280706903966,0.0021679380975111852,0.9837727811955848
USER_0d78e1b8,?,NewYork,0.03272962423947728,0.021529240746157845,0.9457411350143649
USER_0ddfa5e6,?,NewYork,0.12754315135397393,0.4139221930891709,0.45853465555685513
USER_0e354317,?,NewYork,0.3218030063664724,0.23035219880826927,0.4478447948252583
USER_0e35810b,?,NewYork,0.10425933791566123,0.2376823616626222,0.6580583004217165
USER_0e541dce,?,California,0.46604295392071876,0.09783025803769084,0.43612678804159044
USER_0e8ad62f,?,NewYork,0.12981785352180156,0.13026308051932645,0.7399190659588721
USER_0f000fe4,?,NewYork,0.0056554018509378514,0.00529454227121304,0.9890500558778492
USER_0fbe981e,?,NewYork,0.2711730795600311,0.31226715530178023,0.4165597651381887
USER_10e660ae,?,California,0.7200854737054934,0.06094426891196586,0.2189702573825408
USER_114ebefd,?,California,0.8783062539733972,0.022739838020217836,0.09895390800638484
USER_11e68741,?,NewYork,0.32180507542583203,0.3228074854337399,0.355387439140428
USER_12093513,?,NewYork,0.09319888669032901,0.007207471264541953,0.8995936420451288
USER_1267d8f7,?,NewYork,0.005169593689295296,0.004003912535815691,0.9908264937748891
USER_1268d148,?,NewYork,0.021628948630234464,0.03856407130159179,0.9398069800681738
USER_12e20166,?,NewYork,0.023941895245645443,0.008615310552591975,0.9674427942017627
USER_1385a20d,?,NewYork,0.025465409020126735,0.014134210071333116,0.9604003809085402
USER_13f7c11a,?,NewYork,0.06963135893000164,0.013787802573857092,0.9165808384961414
USER_14d8ba66,?,NewYork,0.1800713110467807,0.2804815153886369,0.5394471735645824
USER_154028ac,?,California,0.976722404873948,0.005026296789939128,0.01825129833611285
USER_154aa5bb,?,NewYork,0.05260700909076662,0.03145663729153012,0.9159363536177033
USER_1552bae0,?,NewYork,0.04762122640969723,0.005811413733860593,0.9465673598564421
USER_1562978a,?,NewYork,0.06431279608808063,0.12630127860616314,0.8093859253057563
USER_1577a117,?,NewYork,0.011961477460288817,0.010973326474437635,0.9770651960652738
USER_15cb67cc,?,NewYork,0.004087352092202248,0.020263022456865655,0.9756496254509321
USER_16d5c2a2,?,Georgia,0.07021795078017694,0.9035961988450799,0.026185850374743223
USER_17436f9d,?,NewYork,0.033413718602886985,0.04362593719953827,0.9229603441975749
USER_17ad6a4d,?,NewYork,0.008086342768240003,0.006443047373611546,0.9854706098581485
USER_17b7197e,?,NewYork,0.002493446215398693,0.0015734304607337181,0.9959331233238677
USER_18043b98,?,NewYork,0.0042178234408417024,0.004177353234458758,0.9916048233246997
USER_18668846,?,NewYork,0.13605171261739346,0.18307758955335274,0.6808706978292538
USER_18bfa1bf,?,NewYork,0.018748473678478882,0.003580149131108902,0.9776713771904122
USER_1911ce8d,?,NewYork,0.3469007446103567,0.04591363092629462,0.6071856244633486
USER_19325d87,?,NewYork,0.012347595818142593,0.02359239610716222,0.964060008074695
USER_1963fbc7,?,California,0.8914554203607704,0.03464934695753224,0.07389523268169734
USER_19bec732,?,Georgia,0.3111839591140338,0.555081800265592,0.13373424062037428
USER_19f5e58a,?,California,0.3970139939070286,0.3882359542736226,0.21475005181934875
USER_1a666e73,?,NewYork,0.34882411470314734,0.02451640472539107,0.6266594805714616
USER_1ad6ec92,?,NewYork,0.3829977863568469,0.04589075241003874,0.5711114612331143
USER_1af91382,?,NewYork,0.05983879303362096,0.03192887428796429,0.9082323326784149
USER_1b02b054,?,NewYork,0.052859633011230305,0.2153320983936891,0.7318082685950805
USER_1b0fbdca,?,California,0.8251580572687833,0.07354832748153031,0.1012936152496865
USER_1b27e15d,?,California,0.47493611272345015,0.16715908581069405,0.3579048014658558
USER_1b2d5f01,?,California,0.9705351534060611,0.014521172052711357,0.01494367454122759
USER_1b47273a,?,NewYork,0.11000457423940117,0.19953949353247433,0.6904559322281244
USER_1b593ea0,?,California,0.8019309684767573,0.037774789268302224,0.16029424225494046
USER_1bad49c0,?,NewYork,0.2018220046797152,0.013992155374757906,0.7841858399455269
USER_1bf805fc,?,NewYork,0.2135387971952015,0.050273027277264015,0.7361881755275343
USER_1c2bdb85,?,California,0.4868466617300881,0.19671230133712933,0.3164410369327825
USER_1c35dac9,?,California,0.7858336220486448,0.033716945396115035,0.18044943255524024
USER_1c47c320,?,California,0.5458788197784604,0.22812994507585294,0.22599123514568664
USER_1c502a4a,?,NewYork,0.09603057893890404,0.027908511854298306,0.8760609092067978
USER_1c87f445,?,Georgia,0.1425926895659403,0.4472771919212296,0.41013011851283016
USER_1cd174a5,?,Georgia,0.1572816357424923,0.5766917506025271,0.26602661365498065
USER_1ce79b71,?,NewYork,0.22532451170876314,0.1435764677374465,0.6310990205537903
USER_1d197eb1,?,NewYork,0.04736776739301161,0.06320500786474703,0.8894272247422415
USER_1d7fb750,?,NewYork,0.07105048953776476,0.05092154496617547,0.8780279654960599
USER_1d9ecd1f,?,NewYork,0.11882908368242594,0.18189534379275643,0.6992755725248175
USER_1e0d7389,?,California,0.4329273495111704,0.30951394817082933,0.25755870231800015
USER_1e29440e,?,NewYork,0.01592133637849925,0.004832818983359602,0.9792458446381411
USER_1e2ec93e,?,California,0.499088496367133,0.07178745171642774,0.42912405191643926
USER_1e417ec3,?,California,0.7868454807516476,0.023564427466548417,0.18959009178180397
USER_1e8adcef,?,NewYork,0.025029780342747155,0.015897088749783517,0.9590731309074694
USER_1e9813c3,?,NewYork,0.254542755028706,0.17847543879535935,0.5669818061759347
USER_1eb22f1f,?,NewYork,0.16265733674151106,0.10612587511899797,0.731216788139491
USER_1eeef1ca,?,NewYork,0.009646704601876315,0.008679771633096526,0.9816735237650271
USER_1f012225,?,NewYork,0.006431643486742195,0.004834388958555631,0.9887339675547023
USER_1f15e428,?,NewYork,0.07429976216828135,0.049008408334236975,0.8766918294974816
USER_1f48b92c,?,NewYork,0.2174694999407584,0.2500557665184992,0.5324747335407423
USER_1fd26730,?,California,0.38322919042838993,0.2933183416216998,0.3234524679499104
USER_1fde2545,?,Georgia,0.20423001310412411,0.5390587241654724,0.2567112627304035
USER_1ffc01ae,?,NewYork,0.20579945352975507,0.13906036925699683,0.6551401772132481
USER_2047ae1b,?,Georgia,0.19714907849055235,0.647563419753755,0.15528750175569273
USER_209f9da7,?,NewYork,0.009500340929396852,0.006267958468037302,0.9842317006025659
USER_21221c3a,?,NewYork,0.02828355806466742,0.007793279642316353,0.9639231622930162
USER_212f6e96,?,Georgia,0.04367129876702331,0.7438513272081577,0.21247737402481898
USER_21570d2c,?,NewYork,0.09393807220063989,0.042912382871428484,0.8631495449279316
USER_216928f7,?,NewYork,0.176172806292463,0.1478324025503022,0.6759947911572347
USER_216b9538,?,Georgia,0.022015456896186555,0.8347619436445884,0.14322259945922491
USER_21e25657,?,NewYork,0.011342953178905308,0.0171177727022094,0.9715392741188852
USER_228b4a0c,?,NewYork,0.018020362780178517,0.005179485582999796,0.9768001516368217
USER_22d6881b,?,California,0.910663468078705,0.03504574676241577,0.05429078515887916
USER_2370f6bf,?,NewYork,0.0033255792338815347,0.0022525098952777007,0.9944219108708408
USER_238d70d5,?,NewYork,0.0027096454666461147,0.0016970706110360629,0.9955932839223178
USER_24128d4b,?,NewYork,0.003855683957905541,0.003858681518933039,0.9922856345231614
USER_2481e157,?,NewYork,0.08769446781876941,0.01854613842751071,0.8937593937537198
USER_249535bf,?,Georgia,0.038085153443446366,0.5689618038228457,0.39295304273370807
USER_250ddab9,?,NewYork,0.19005164568780725,0.3410393055553221,0.4689090487568706
USER_256b54bd,?,NewYork,0.0030160368578938555,0.004261600258844685,0.9927223628832614
USER_25908f1a,?,NewYork,0.04985017303057527,0.047002950917066605,0.9031468760523581
USER_25af73f5,?,NewYork,0.0564243292352392,0.013270343128797418,0.9303053276359633
USER_26007171,?,NewYork,0.15072110181406131,0.01523779965959538,0.8340410985263433
USER_2606a86d,?,California,0.9782839725743471,0.014211479149525487,0.007504548276127539
USER_2630cb48,?,NewYork,0.062123845989071155,0.03443183843771512,0.9034443155732137
USER_26da5680,?,NewYork,0.00409300228810738,0.010861585464892125,0.9850454122470005
USER_27097481,?,NewYork,0.051044656935799466,0.022403553275466496,0.9265517897887342
USER_280d4285,?,NewYork,0.026148746296127297,0.012671858220027213,0.9611793954838456
USER_286c692d,?,California,0.42562451010213764,0.2226599120826971,0.35171557781516527
USER_28c2490b,?,NewYork,0.03595963737142249,0.02088530414830367,0.9431550584802738
USER_28c66184,?,Georgia,0.034587719510809314,0.6622994527436686,0.303112827745522
USER_2901f5d2,?,California,0.9448845803618552,0.015608277936098886,0.039507141702045896
USER_2950e8c0,?,NewYork,0.05758023004167652,0.00983814414274798,0.9325816258155756
USER_29ffb735,?,NewYork,0.011785791161189073,0.058145851054640575,0.9300683577841704
USER_2a88e71c,?,Georgia,0.07907236929490886,0.80200430435477,0.11892332635032093
USER_2aba30b4,?,NewYork,0.0064025585731556384,0.0036912511061948216,0.9899061903206495
USER_2adc013f,?,NewYork,0.42654355681779826,0.036347973506861884,0.53710846967534
USER_2add8395,?,NewYork,0.040838874431886045,0.014216531826686406,0.9449445937414275
USER_2b071628,?,NewYork,0.02123900668003757,0.006445067750269376,0.9723159255696932
USER_2b572e4d,?,NewYork,0.04174203596454339,0.012176966890790808,0.9460809971446659
USER_2c013f15,?,California,0.485470447460971,0.10155489201720258,0.4129746605218263
USER_2c5739d4,?,Georgia,0.09688477618059664,0.7591696398859211,0.1439455839334822
USER_2ca9481d,?,California,0.4522012503571685,0.3806073847215096,0.16719136492132186
USER_2cb61ce4,?,California,0.9105531129482318,0.027802079479049866,0.06164480757271837
USER_2cb8e6ac,?,California,0.8073648730724531,0.10336197456477375,0.08927315236277314
USER_2cd884ab,?,California,0.7100411299067074,0.03231172183232886,0.2576471482609635
USER_2d694b18,?,NewYork,0.006684281048685489,0.003621556995482749,0.9896941619558318
USER_2f28cca9,?,NewYork,0.39474249737017986,0.20509240154964273,0.4001651010801775
USER_2f2d6ae4,?,NewYork,0.015057083474363119,0.016020930745170525,0.9689219857804663
USER_30878eb8,?,California,0.5383705360845448,0.1512898318507372,0.310339632064718
USER_310af2fe,?,NewYork,0.45806355834215545,0.05679469888981422,0.4851417427680303
USER_312e8b79,?,NewYork,0.009015657299806357,0.014797796797829239,0.9761865459023644
USER_313f308d,?,NewYork,0.14184896614091377,0.06337226851281165,0.7947787653462746
USER_316f17c5,?,California,0.8788606857126461,0.08604019441368915,0.03509911987366463
USER_317f2f44,?,NewYork,0.2978527086913188,0.334383513074081,0.3677637782346002
USER_31a747b6,?,NewYork,0.01624739488914528,0.01017225418692945,0.9735803509239254
USER_31c3b3da,?,California,0.8116566292040119,0.051521890762127355,0.1368214800338608
USER_31c556c3,?,NewYork,0.0065089186890372385,0.004616447448396909,0.9888746338625659
USER_31d69de0,?,NewYork,0.006737426893070508,0.00324477325944366,0.9900177998474858
USER_31f37996,?,California,0.5726921040542114,0.1848054002271618,0.24250249571862675
USER_324bcac5,?,NewYork,0.1704085737297566,0.1078910153494902,0.7217004109207532
USER_32a5dbf3,?,Georgia,0.025556286532840762,0.940672142600915,0.033771570866244216
USER_32ba33be,?,NewYork,0.00365026567987042,0.005367660502088614,0.9909820738180409
USER_32c96cdd,?,NewYork,0.014194380867155618,0.025262091641158346,0.960543527491686
USER_332b44fb,?,NewYork,0.006873975866241903,0.004747209221773608,0.9883788149119844
USER_3351df96,?,Georgia,0.1146066353216125,0.5887293626303624,0.2966640020480253
USER_3380c961,?,NewYork,0.022025826066811156,0.008887102851492303,0.9690870710816967
USER_33973a49,?,NewYork,0.3405151928641935,0.31136585728848115,0.34811894984732533
USER_346e4a41,?,NewYork,0.19240360480651555,0.08022113778978285,0.7273752574037016
USER_34b503db,?,NewYork,0.24053118411090557,0.21202505530092589,0.5474437605881683
USER_351841b1,?,NewYork,0.007623726141219314,0.006956090092882273,0.9854201837658985
USER_35189819,?,NewYork,0.006145718223356419,0.00552830546185944,0.9883259763147842
USER_35807dab,?,NewYork,0.02912522403400069,0.01000511375781424,0.9608696622081851
USER_358eb04b,?,NewYork,0.4258590666774832,0.04584391070340016,0.5282970226191167
USER_3611eed4,?,NewYork,0.0023367790355102364,0.0017174976244609182,0.995945723340029
USER_362fcb4e,?,California,0.4573800044410292,0.38994263111206434,0.15267736444690633
USER_366ead5c,?,NewYork,0.37496022695721165,0.1465934016874632,0.4784463713553252
USER_36aebdd0,?,California,0.5596265957699295,0.28284794981006156,0.15752545442000904
USER_3731a11a,?,NewYork,0.01860335838092734,0.007324983391806114,0.9740716582272664
USER_374a99a6,?,California,0.6921793672580308,0.13302220379568305,0.17479842894628628
USER_375ddf66,?,California,0.9546690905638934,0.011425161880646278,0.0339057475554604
USER_3761e30b,?,Georgia,0.14443135071027716,0.7271253409912731,0.12844330829844966
USER_377ab802,?,NewYork,0.021002447247308893,0.026822912718942604,0.9521746400337484
USER_37d9b8a2,?,NewYork,0.17316442259114737,0.041078188057784154,0.7857573893510685
USER_37fbd81d,?,Georgia,0.012524051902716337,0.8004812525279906,0.18699469556929305
USER_382758ba,?,NewYork,0.029069424522229798,0.007582508366040385,0.9633480671117298
USER_3839a806,?,NewYork,0.12781795418979475,0.17934849179324616,0.6928335540169591
USER_385039c2,?,NewYork,0.02299017858352903,0.021933030006364287,0.9550767914101066
USER_386fabf9,?,NewYork,0.08697560104665504,0.28635922924371326,0.6266651697096317
USER_3885fd0e,?,NewYork,0.02246973273188866,0.013175103588946966,0.9643551636791643
USER_38878baf,?,NewYork,0.1271969754555936,0.0563832947427048,0.8164197298017016
USER_391b3f19,?,NewYork,0.022338818079083108,0.032843537319754576,0.9448176446011622
USER_3926cc91,?,Georgia,0.047907337445327304,0.6486418940008556,0.30345076855381714
USER_392edeb4,?,NewYork,0.30715510675210783,0.1359100872221299,0.5569348060257623
USER_3a0cce74,?,NewYork,0.15222289931106872,0.011749167868506038,0.8360279328204253
USER_3ab1c13a,?,California,0.42746706006639124,0.37138477928408326,0.2011481606495255
USER_3b2c7aeb,?,California,0.6651855241380924,0.13743462005717366,0.19737985580473405
USER_3b3ee2a1,?,NewYork,0.08338282746724233,0.04506577021772976,0.8715514023150279
USER_3b59b7cc,?,NewYork,0.05750661073451235,0.3396103513401939,0.602883037925294
USER_3b897a10,?,NewYork,0.3511666927151177,0.14413784338962482,0.5046954638952574
USER_3bbacfa2,?,NewYork,0.031615554970145274,0.034587332809811876,0.933797112220043
USER_3bcbd9f2,?,NewYork,0.00824396974531528,0.008911058675424601,0.9828449715792602
USER_3c027111,?,NewYork,0.3325536745794697,0.20144225411002015,0.4660040713105102
USER_3cf60041,?,NewYork,0.027033479899591727,0.012638782439154428,0.9603277376612538
USER_3d364f1e,?,NewYork,0.0027003019559568566,0.0026699137761882264,0.9946297842678549
USER_3d478593,?,NewYork,0.2954079699816291,0.2584852211319027,0.4461068088864682
USER_3d4a71db,?,NewYork,0.002503186400156748,0.0019082532357137904,0.9955885603641293
USER_3d617a59,?,California,0.734801668799232,0.08504485342232272,0.18015347777844526
USER_3d712136,?,California,0.6094634883632567,0.04096510480326583,0.3495714068334774
USER_3da11595,?,NewYork,0.03760855748330832,0.02053708932532249,0.9418543531913691
USER_3dcec70f,?,Georgia,0.3695182601016842,0.4160939357118761,0.21438780418643977
USER_3e152eed,?,NewYork,0.047326695373800125,0.13631828258685433,0.8163550220393455
USER_3e3d4fdf,?,NewYork,0.006486746127294735,0.05498623560062633,0.938527018272079
USER_3e65626b,?,NewYork,0.047843083315618755,0.011236679889426239,0.9409202367949551
USER_3ed488ea,?,NewYork,0.10547568477784194,0.04386462760415347,0.8506596876180045
USER_3ee8fbbe,?,NewYork,0.0025796161843628825,0.002980659521661417,0.9944397242939758
USER_3f5fc595,?,NewYork,0.1827519322484829,0.03215704880656019,0.7850910189449569
USER_3f65f650,?,NewYork,0.42462170687255824,0.11217049715951538,0.4632077959679264
USER_3f6e72de,?,California,0.6384725297773061,0.04591469508903229,0.3156127751336618
USER_3f73341f,?,NewYork,0.019072500173759218,0.1986671569036213,0.7822603429226195
USER_3fe167a5,?,California,0.5913542986968305,0.14178497174397145,0.26686072955919793
USER_3ff0eac2,?,California,0.4671203186076708,0.1639518500546227,0.36892783133770646
USER_4033d6b0,?,NewYork,0.018173819978739868,0.008444091025806354,0.9733820889954539
USER_40b5babf,?,NewYork,0.14175394005957637,0.018146231672289594,0.840099828268134
USER_40e3cc5c,?,California,0.7422976545185841,0.25345350529956584,0.004248840181850084
USER_4109c700,?,NewYork,0.02007693976790679,0.025620447530191905,0.9543026127019012
USER_4139eebd,?,Georgia,0.0694738882464031,0.8516041343782225,0.07892197737537439
USER_41a32cd9,?,NewYork,0.07404699803729811,0.044316165174168226,0.8816368367885338
USER_41ae8eba,?,NewYork,0.19946941839586393,0.13590287686895047,0.6646277047351856
USER_41b1e5d3,?,California,0.8308940631144709,0.027366907147584257,0.14173902973794483
USER_41b9a343,?,NewYork,0.23618909607252234,0.0697463852488476,0.6940645186786301
USER_42058caa,?,Georgia,0.033434601670378185,0.916313484378699,0.05025191395092282
USER_422fcf6d,?,NewYork,0.02768503609806155,0.016070085369315937,0.9562448785326224
USER_428ff9aa,?,NewYork,0.03641735722918749,0.14583734170310747,0.817745301067705
USER_42f872d9,?,NewYork,0.012313534051038142,0.009854164031038597,0.9778323019179234
USER_42fa9813,?,NewYork,0.003515548413986859,0.002849343330261409,0.9936351082557516
USER_43357d60,?,Georgia,0.34976086659139793,0.5382820814166983,0.1119570519919038
USER_4393579b,?,NewYork,0.028640118128939795,0.029645247666577022,0.9417146342044832
USER_43a53512,?,NewYork,0.004897635982744726,0.004155430241756792,0.9909469337754985
USER_43a9815a,?,NewYork,0.006405379268709259,0.04413459057555657,0.9494600301557341
USER_43b45f4d,?,NewYork,0.08916323295379876,0.11222767034114009,0.7986090967050612
USER_43d79f43,?,NewYork,0.029401617447109642,0.06533239051540293,0.9052659920374874
USER_45102925,?,NewYork,0.003539004934278157,0.006354874085122049,0.9901061209805998
USER_451e26f1,?,NewYork,0.002884789886752629,0.004719709888148585,0.9923955002250988
USER_45362a87,?,NewYork,0.09184245700746195,0.013940618210208712,0.8942169247823293
USER_453a081e,?,NewYork,0.020200139389557635,0.006471532809798899,0.9733283278006435
USER_4554b4ee,?,California,0.5033734684867228,0.20691097255764426,0.28971555895563295
USER_4591ffac,?,NewYork,0.015290335971900819,0.00729568918010377,0.9774139748479955
USER_466b9a5c,?,California,0.9178360809196484,0.020196176287962123,0.06196774279238941
USER_46af6e83,?,Georgia,0.23827691810498106,0.5589836463063255,0.20273943558869353
USER_475202df,?,NewYork,0.3820407101194053,0.041773799595668855,0.5761854902849257
USER_47b05242,?,NewYork,0.034607903305663455,0.019198717883649227,0.9461933788106873
USER_47f7fe20,?,NewYork,0.14230592731219197,0.3621404460569733,0.49555362663083463
USER_480be1ad,?,NewYork,0.03164107384856086,0.056428297617260224,0.911930628534179
USER_48badc08,?,California,0.9790585441138508,0.008722579147194655,0.012218876738954425
USER_492787d1,?,NewYork,0.3301774713217747,0.04964178269599603,0.6201807459822294
USER_496ac393,?,Georgia,0.2760491456729451,0.6382762103379155,0.08567464398913939
USER_497fcb02,?,California,0.8419539106124312,0.022512268293920046,0.13553382109364875
USER_4997f190,?,NewYork,0.005768039370611049,0.0044373352766646865,0.9897946253527242
USER_49d4be2e,?,California,0.8442210996045999,0.01894255748421217,0.13683634291118782
USER_49e82ac6,?,Georgia,0.1680693714746344,0.6352931867766958,0.1966374417486699
USER_4a43b1bc,?,NewYork,0.006693762656666437,0.00569616450325885,0.9876100728400747
USER_4a4b8dc9,?,NewYork,0.08081530006059094,0.14504012808881206,0.774144571850597
USER_4a7ab42d,?,NewYork,0.34088188291899346,0.25555151091412925,0.4035666061668773
USER_4a7ed75c,?,NewYork,0.007385275501585119,0.005538096875817204,0.9870766276225977
USER_4acc9f7a,?,NewYork,0.06689059984393676,0.018780217577871402,0.9143291825781918
USER_4b5a5ed6,?,NewYork,0.27601638215638763,0.1835925472228251,0.5403910706207873
USER_4bfacfa0,?,NewYork,0.08389293528843099,0.11828427452684646,0.7978227901847226
USER_4c306943,?,NewYork,0.2069132565052069,0.1175944277635754,0.6754923157312177
USER_4c30d4e5,?,California,0.9640672043647377,0.012462739806752875,0.0234700558285094
USER_4c51c0dc,?,NewYork,0.03373237697840568,0.02231216780667783,0.9439554552149165
USER_4c62a606,?,NewYork,0.3948747985272368,0.07363824877064169,0.5314869527021214
USER_4c756692,?,Georgia,0.2767736330561132,0.48078381218226096,0.24244255476162588
USER_4d051709,?,NewYork,0.07037488683747388,0.08282893921470251,0.8467961739478236
USER_4dc8d885,?,NewYork,0.434149104264996,0.1210010610472517,0.4448498346877522
USER_4e2d1832,?,NewYork,0.04060956991127395,0.0198842806617806,0.9395061494269454
USER_4ec79b73,?,NewYork,0.01662123197758256,0.03309645283410757,0.9502823151883099
USER_4f245ab2,?,NewYork,0.2234463487004408,0.13230042058061153,0.6442532307189477
USER_4f2f9b97,?,NewYork,0.26422238614307597,0.30599889643387856,0.4297787174230455
USER_4fb0f981,?,NewYork,0.21263169435824958,0.04579600265004631,0.7415723029917042
USER_4fb70820,?,NewYork,0.006889876867532256,0.007375018916346652,0.9857351042161211
USER_4fd63247,?,NewYork,0.061932044181784475,0.12384364854200214,0.8142243072762135
USER_4fd8fb1c,?,Georgia,0.033845882329253694,0.8988235452093504,0.06733057246139584
USER_502eb2e1,?,NewYork,0.007033843644475202,0.004724276411762927,0.988241879943762
USER_50557eb6,?,NewYork,0.012394932343917949,0.012865172892906057,0.974739894763176
USER_5071602b,?,NewYork,0.010117415762350875,0.07915444472674937,0.9107281395108997
USER_50c9925d,?,California,0.9167148015282939,0.027129040668667052,0.05615615780303904
USER_51469cab,?,NewYork,0.00509709201686281,0.004704035021097802,0.9901988729620395
USER_520dddc4,?,NewYork,0.00327551717977116,0.09242338125657504,0.9043011015636538
USER_52cb1bd2,?,California,0.5264293451658255,0.10141591950280121,0.3721547353313731
USER_531dc01f,?,NewYork,0.12574870538929733,0.047478304280531784,0.8267729903301708
USER_53487451,?,California,0.6970719283634683,0.03817177158370666,0.264756300052825
USER_53621ba3,?,California,0.5048807906708604,0.2873600305324175,0.207759178796722
USER_538e44c4,?,NewYork,0.036182459061816746,0.029387724903052793,0.9344298160351305
USER_542aa1fb,?,California,0.6831598672233357,0.03491444441379282,0.28192568836287146
USER_54e9deb6,?,NewYork,0.03854444657840383,0.007101598633151407,0.9543539547884448
USER_564ec211,?,NewYork,0.056729845410975685,0.07407301786444384,0.8691971367245805
USER_5673f628,?,California,0.49566508408319176,0.23264530072804576,0.27168961518876256
USER_5697f699,?,NewYork,0.005990980249007346,0.003249252677230813,0.9907597670737619
USER_569ba403,?,NewYork,0.00661170225671462,0.003844684883003003,0.9895436128602825
USER_56e785f3,?,NewYork,0.008291789820633031,0.0076013461197854395,0.9841068640595815
USER_56f0f5d0,?,California,0.5369134325575665,0.041093358841612714,0.4219932086008208
USER_57186934,?,NewYork,0.006537709460102615,0.006933942748741545,0.986528347791156
USER_572a4677,?,NewYork,0.010903724061045731,0.008827734350116617,0.9802685415888377
USER_5743262a,?,NewYork,0.05837411556086374,0.1197212328707467,0.8219046515683895
USER_57a03f1a,?,NewYork,0.19539721876163746,0.18782457067659342,0.6167782105617692
USER_58cda3f6,?,NewYork,0.007401843260244055,0.009038848697008888,0.9835593080427469
USER_58f29c15,?,NewYork,0.00965862068905959,0.0035811447395454154,0.9867602345713951
USER_5941d4ce,?,NewYork,0.0033842861795594903,0.002351653605374627,0.9942640602150657
USER_594dc803,?,NewYork,0.003135577344841034,0.0023349216148879615,0.9945295010402709
USER_59aaf319,?,NewYork,0.0070909396019386605,0.001778234734881397,0.9911308256631799
USER_59d04e5c,?,NewYork,0.006175462318879856,0.02065188421359442,0.9731726534675258
USER_59f5a7c3,?,California,0.6561671092994279,0.2889297645600043,0.05490312614056779
USER_59fef649,?,NewYork,0.013136092546891532,0.03838359145475607,0.9484803159983524
USER_5a22b51f,?,California,0.9136470946301224,0.07158693913616422,0.014765966233713434
USER_5a343aa5,?,NewYork,0.011745730575684133,0.006741874771584128,0.9815123946527318
USER_5aa66355,?,NewYork,0.018782166420406515,0.030759957555227507,0.950457876024366
USER_5ac1aaa0,?,NewYork,0.006701184697181559,0.00929188993743662,0.9840069253653819
USER_5b6753c3,?,NewYork,0.06396753064117391,0.047368823614920494,0.8886636457439057
USER_5be35b92,?,California,0.5704997078346316,0.13793506267413702,0.2915652294912314
USER_5c87eac9,?,NewYork,0.4190816763486439,0.04765483835100796,0.5332634853003482
USER_5d4fa5a6,?,California,0.6082444158953901,0.11150859746905321,0.28024698663555664
USER_5dced2c0,?,NewYork,0.08189275459232964,0.036012340462894275,0.8820949049447762
USER_5deadf5b,?,NewYork,0.36304726139252635,0.2013109942757248,0.43564174433174885
USER_5df221b1,?,California,0.8537242413200797,0.0723002520815403,0.07397550659837979
USER_5e58dd16,?,California,0.9391163680258316,0.0072349866729717405,0.053648645301196694
USER_5e6c2bc1,?,California,0.8306203163698209,0.08354127918767476,0.08583840444250443
USER_5fa62451,?,NewYork,0.2191948300269878,0.027167021189381538,0.7536381487836307
USER_5feb8d1f,?,NewYork,0.07507892974996815,0.22569744968970332,0.6992236205603286
USER_606a56b9,?,NewYork,0.00323484457807871,0.010539996685091367,0.9862251587368299
USER_60c4102b,?,Georgia,0.1736436071002944,0.5869184349446506,0.2394379579550551
USER_6107e30f,?,NewYork,0.08013758050187551,0.029859946486509394,0.8900024730116151
USER_610bb3b7,?,California,0.7729103904911373,0.020987901887333973,0.20610170762152877
USER_6113e677,?,California,0.8983298494235687,0.05569106670837,0.0459790838680613
USER_61707e96,?,NewYork,0.23817486246549946,0.11159029232594031,0.6502348452085602
USER_617635b8,?,California,0.8373533300566203,0.05039606089044084,0.1122506090529388
USER_61989839,?,Georgia,0.29333429519009346,0.4037709428245996,0.3028947619853069
USER_61e1bcf0,?,California,0.7568441885957113,0.025825315564244968,0.21733049584004363
USER_626e759d,?,NewYork,0.10274310468728039,0.07221591081278102,0.8250409844999386
USER_629ecb44,?,NewYork,0.0614002332240565,0.04852807638198504,0.8900716903939585
USER_62aae6a7,?,NewYork,0.2175672729718395,0.1650538625311704,0.6173788644969902
USER_62bbc015,?,California,0.7135400111648094,0.1045733798896472,0.18188660894554343
USER_6307c420,?,NewYork,0.030571144572082477,0.03487733319582604,0.9345515222320915
USER_630996db,?,NewYork,0.3559100288497311,0.15481302277217768,0.48927694837809127
USER_6377d61f,?,NewYork,0.13260632170678896,0.043412956067277415,0.8239807222259335
USER_63ae7b2d,?,California,0.46216901092858786,0.1687594503398549,0.36907153873155724
USER_640ad8d5,?,NewYork,0.03785830957245187,0.011455780086810669,0.9506859103407376
USER_641c9fa6,?,NewYork,0.19529324799644482,0.19590829731195922,0.6087984546915959
USER_6433b647,?,California,0.9269492184032948,0.02919610491336107,0.043854676683344106
USER_6453a2e0,?,NewYork,0.4462446128497429,0.09896501237764743,0.4547903747726097
USER_6559bda9,?,NewYork,0.12121153315791967,0.029302391575696154,0.8494860752663842
USER_65ef019b,?,NewYork,0.038269274489505,0.006192796577825631,0.9555379289326693
USER_662ea30b,?,Georgia,0.32202353490620483,0.37875072775545143,0.29922573733834373
USER_66f9636e,?,NewYork,0.018710819290753602,0.02862373255873502,0.9526654481505115
USER_670e2a0b,?,California,0.7927618201131273,0.059798043704663226,0.14744013618220933
USER_67482d6c,?,NewYork,0.03414936997178348,0.003998091225213371,0.9618525388030033
USER_6789a05a,?,NewYork,0.03156241786064051,0.03464989379312726,0.9337876883462322
USER_68183c28,?,NewYork,0.3965218454215774,0.056446477635317155,0.5470316769431054
USER_681faecc,?,NewYork,0.014518283438031765,0.01662506710048799,0.9688566494614803
USER_684a2501,?,California,0.9204361414374941,0.009719250831620207,0.06984460773088551
USER_6879cfc3,?,NewYork,0.07425835299040978,0.010517787864026127,0.9152238591455643
USER_6902a75c,?,NewYork,0.040384810142832794,0.008048231289582758,0.9515669585675846
USER_698ca49c,?,NewYork,0.11153046373645499,0.06729244156170053,0.8211770947018445
USER_69ad2883,?,Georgia,0.22609120122095513,0.4672546261770166,0.3066541726020284
USER_69c74a0d,?,Georgia,0.02643770370350801,0.8735166646298679,0.10004563166662418
USER_69e7fca6,?,NewYork,0.007029489097400336,0.006857803461097073,0.9861127074415027
USER_6a4150e9,?,NewYork,0.007935185613208016,0.011507704330419456,0.9805571100563727
USER_6abbe190,?,California,0.4563913534912002,0.0880195802574894,0.4555890662513104
USER_6b51eaf6,?,NewYork,0.01683177310434425,0.013162621269218461,0.9700056056264373
USER_6b76289c,?,NewYork,0.018196418963495373,0.008546951500150456,0.9732566295363541
USER_6c0ce87e,?,California,0.911977694785069,0.02375000472676037,0.06427230048817067
USER_6c396bc1,?,NewYork,0.13609667648056684,0.14089814675467463,0.7230051767647585
USER_6cb629bd,?,NewYork,0.03431530736412467,0.03296795631981466,0.9327167363160607
USER_6cb74641,?,NewYork,0.19737142156968696,0.12850218033397107,0.6741263980963421
USER_6dfb285e,?,California,0.7218751201820844,0.25525943630937653,0.022865443508539095
USER_6e0b05a1,?,NewYork,0.027672598113128305,0.04293119327838511,0.9293962086084866
USER_6e5ae663,?,NewYork,0.14912045117931305,0.059678312163190486,0.7912012366574964
USER_6efc8637,?,NewYork,0.02639010313157586,0.004307575368875818,0.9693023214995483
USER_6f9de088,?,NewYork,0.07510974892311775,0.03203022312657804,0.8928600279503041
USER_6fd22a16,?,California,0.820711522696104,0.01533567371514762,0.16395280358874828
USER_7021d4fe,?,NewYork,0.01168253804242701,0.004745751672351919,0.9835717102852213
USER_7031d6a0,?,California,0.6943396569556495,0.03659932118286388,0.2690610218614867
USER_703c2752,?,NewYork,0.08529040953293013,0.1009452921120511,0.8137642983550186
USER_7061da53,?,NewYork,0.0028232458770153625,0.004135432187901223,0.9930413219350834
USER_70690adf,?,NewYork,0.07045789244302599,0.034961094042853406,0.8945810135141206
USER_70f0bcf5,?,NewYork,0.02157370352877614,0.05908344047545469,0.9193428559957691
USER_70fa2627,?,NewYork,0.03435950720040153,0.03869064431872772,0.9269498484808707
USER_7122bd33,?,NewYork,0.23670115831180355,0.023355308286720732,0.7399435334014758
USER_7124793e,?,NewYork,0.001905400675426049,0.0028904027196105905,0.9952041966049633
USER_7148a7dd,?,NewYork,0.0034772760771157947,0.0035367801618482663,0.9929859437610359
USER_715db191,?,NewYork,0.3068690393670368,0.2715769185805092,0.42155404205245406
USER_71634424,?,NewYork,0.0635676789326525,0.08182309771009509,0.8546092233572524
USER_71b44c3c,?,California,0.8251319838209924,0.04839381782969158,0.1264741983493159
USER_71d2698e,?,California,0.4794900889653837,0.05186999503569775,0.4686399159989185
USER_724f0ba2,?,California,0.7788139470393199,0.017180923545381876,0.2040051294152982
USER_7267daa2,?,NewYork,0.0025426240410188123,0.004936821823016501,0.9925205541359646
USER_73479d68,?,Georgia,0.04024047220893621,0.9238952900920846,0.03586423769897916
USER_736899c8,?,NewYork,0.02914456628907703,0.02852090142531402,0.9423345322856088
USER_7374ea4c,?,NewYork,0.010416632053106122,0.0059056983532767005,0.9836776695936171
USER_738b5fa1,?,NewYork,0.04472272629209842,0.012551328922378552,0.9427259447855232
USER_73b58d65,?,Georgia,0.028815973176599986,0.6732963959703643,0.29788763085303577
USER_74f133ba,?,NewYork,0.0045905994824222245,0.005998157095015588,0.9894112434225621
USER_74fb72f0,?,California,0.9746710826649828,0.011191505322826402,0.014137412012190868
USER_75644e28,?,Georgia,0.07096797704192258,0.8424425331343659,0.08658948982371147
USER_75667382,?,NewYork,0.009810642344251625,0.007255970430137613,0.9829333872256107
USER_75e90c35,?,NewYork,0.03767717729135382,0.04160444039205018,0.920718382316596
USER_76772a35,?,NewYork,0.005360170401478837,0.003579360835040117,0.991060468763481
USER_770d44e6,?,California,0.5871633096197579,0.2899603383461109,0.12287635203413125
USER_778961e9,?,California,0.48640084983561793,0.19499768138405468,0.31860146878032725
USER_77d7ce58,?,California,0.881087123614574,0.0903852512802864,0.02852762510513955
USER_77efb69c,?,NewYork,0.14887060914196676,0.30745585187556845,0.5436735389824647
USER_78d7f848,?,NewYork,0.007003807128765975,0.002396574585195792,0.9905996182860383
USER_79139803,?,California,0.8721758696981883,0.045768165847182324,0.08205596445462958
USER_7966ae1b,?,NewYork,0.06521670069408746,0.04804064853344001,0.8867426507724725
USER_79d6c1fd,?,NewYork,0.32247185523467253,0.0436058736088166,0.6339222711565109
USER_79df1b3e,?,NewYork,0.003357865331531648,0.003317770922777335,0.9933243637456911
USER_7a075b20,?,California,0.7159030091816518,0.11584944346875892,0.16824754734958908
USER_7a260f17,?,NewYork,0.00853898054427231,0.00942799775652817,0.9820330216991996
USER_7b4bbba3,?,NewYork,0.00453967636863535,0.007236935054279624,0.988223388577085
USER_7b69bd51,?,NewYork,0.09082692187994514,0.038788341466823244,0.8703847366532316
USER_7b8c76bd,?,NewYork,0.004610822408884716,0.0030952765399667836,0.9922939010511485
USER_7be2032a,?,NewYork,0.10181167849164308,0.4158847440614668,0.4823035774468902
USER_7c98f07a,?,NewYork,0.11266327231557278,0.40167584918320365,0.4856608785012235
USER_7d952021,?,NewYork,0.4212955897024763,0.10910423469849762,0.4696001755990261
USER_7dbaa3ee,?,NewYork,0.003508640231537124,0.003953795403865422,0.9925375643645973
USER_7f178917,?,NewYork,0.18640955019345248,0.08076681025609933,0.7328236395504482
USER_7f4f9842,?,NewYork,0.0349257894814682,0.030220859627122156,0.9348533508914095
USER_7f5be0d9,?,NewYork,0.02208113075670056,0.03969221349053808,0.9382266557527613
USER_80165d12,?,NewYork,0.0030112514111014627,0.0016515685598468457,0.9953371800290518
USER_8044d2b6,?,California,0.5091008141034016,0.19855797302130246,0.2923412128752959
USER_8128d3b2,?,NewYork,0.042760383501847375,0.09352762338281574,0.8637119931153369
USER_816e9d84,?,Georgia,0.017050731053253727,0.8677424984372036,0.11520677050954269
USER_817ecc31,?,NewYork,0.004759336571670409,0.006616045219799725,0.9886246182085299
USER_81a65e91,?,NewYork,0.43033606906274985,0.06914284000662509,0.5005210909306251
USER_82685db9,?,NewYork,0.40779254139270193,0.04923188781096223,0.5429755707963357
USER_8386d78a,?,Georgia,0.03130745280598248,0.9031878618858232,0.06550468530819435
USER_83a5ad2d,?,NewYork,0.03956772349190663,0.16036355941330988,0.8000687170947836
USER_845b9e50,?,NewYork,0.0029771695066450267,0.0052856458549078635,0.9917371846384471
USER_84750aab,?,NewYork,0.2112799252071562,0.10142355146123318,0.6872965233316107
USER_84c6cec6,?,NewYork,0.35527022792737284,0.09273479326001983,0.5519949788126073
USER_84f8e565,?,California,0.6741072117406363,0.042733527373939165,0.2831592608854246
USER_8519d5fe,?,NewYork,0.06937477124618655,0.053327385708491236,0.8772978430453221
USER_852984da,?,NewYork,0.02337439479178818,0.06321243669837234,0.9134131685098396
USER_8536db1c,?,NewYork,0.13104729706797236,0.07242655385771807,0.7965261490743095
USER_85467083,?,California,0.7917121991165799,0.023054493011447026,0.18523330787197306
USER_85587748,?,NewYork,0.019802963718087496,0.026709752556436216,0.9534872837254762
USER_859d9c2e,?,NewYork,0.02025299371273508,0.034845869756543406,0.9449011365307216
USER_85e01ba2,?,California,0.9207814404453432,0.05862048692680002,0.020598072627856776
USER_86317dcd,?,Georgia,0.020487744753259755,0.8885709810353238,0.09094127421141648
USER_86684402,?,NewYork,0.0045683338165238025,0.002265705969516986,0.9931659602139593
USER_86caef0e,?,Georgia,0.027324748437981487,0.8627776255489185,0.1098976260130999
USER_86f2740f,?,California,0.7679524015699564,0.07127639963687019,0.16077119879317348
USER_872a6619,?,NewYork,0.2925547327543633,0.22642740837458158,0.4810178588710551
USER_8766f6a8,?,NewYork,0.010535844750667737,0.0158799938143729,0.9735841614349594
USER_88f2d306,?,NewYork,0.011332305399855788,0.005825397168827669,0.9828422974313166
USER_891a5ac1,?,NewYork,0.04488793006766292,0.013389595661142617,0.9417224742711944
USER_893e1c79,?,Georgia,0.08673199007783831,0.8848001245348809,0.028467885387280737
USER_895401a0,?,NewYork,0.004839126672133808,0.0019855923253422753,0.9931752810025238
USER_8959054b,?,NewYork,0.05666871525945846,0.02335422014449711,0.9199770645960444
USER_89aedca8,?,NewYork,0.017207362308792332,0.006946843991604671,0.975845793699603
USER_89eb84bd,?,NewYork,0.2659314728906138,0.2154434571420277,0.5186250699673585
USER_8a318f42,?,California,0.614134204515972,0.09263934109522495,0.29322645438880307
USER_8a470c86,?,California,0.6058607549574924,0.2075020472176485,0.1866371978248591
USER_8acf6a6b,?,NewYork,0.10300532070395144,0.16836707423170266,0.728627605064346
USER_8b2ea24e,?,NewYork,0.09472374626319466,0.3533608988986112,0.5519153548381942
USER_8b30e74e,?,California,0.5075093118668345,0.056905454754650496,0.4355852333785151
USER_8b4a7301,?,NewYork,0.028369156318135483,0.05934938581213637,0.9122814578697281
USER_8b58d394,?,NewYork,0.04066798484451446,0.007400181467215716,0.9519318336882697
USER_8b718df6,?,NewYork,0.058511743386045936,0.04336775172215935,0.8981205048917947
USER_8b8404dd,?,NewYork,0.17349867868883326,0.2843575321057788,0.542143789205388
USER_8b9de5fa,?,NewYork,0.00312600787287436,0.004685247835417995,0.9921887442917077
USER_8c6846f5,?,California,0.8857572405549826,0.10546166816684392,0.008781091278173524
