user-id,class,prediction,California,Georgia,NewYork
USER_001ac628,?,California,0.7931955914309662,0.13299502801821378,0.07380938055082015
USER_002ac912,?,NewYork,0.20183901793075448,0.08226801705962361,0.715892965009622
USER_0089c6ed,?,NewYork,0.3353872882460057,0.037430271826668485,0.6271824399273258
USER_00bc828f,?,NewYork,0.03356174500641918,0.10824380867157742,0.8581944463220033
USER_00e7be97,?,NewYork,0.15999379770150474,0.24337384578546117,0.5966323565130341
USER_012b2595,?,California,0.5863488080587482,0.173372130300387,0.24027906164086488
USER_0139bf5c,?,NewYork,0.017165469462689965,0.016593106890253305,0.9662414236470566
USER_020719b6,?,NewYork,0.006354333284605673,0.0061758238594321595,0.9874698428559622
USER_026a085b,?,NewYork,0.058947925516525765,0.053441694627790186,0.8876103798556839
USER_028ea70d,?,Georgia,0.3938111745317724,0.5656033330205645,0.04058549244766301
USER_03c6b720,?,NewYork,0.012172577638387245,0.008535300148054746,0.9792921222135579
USER_03e9e8a9,?,California,0.9275692399101787,0.011502241045835263,0.060928519043985906
USER_04b3ff64,?,California,0.8435952580678768,0.052716778458375024,0.1036879634737481
USER_04d5ae7e,?,Georgia,0.029693175694133267,0.9109207917652478,0.05938603254061895
USER_04f00846,?,NewYork,0.007304937001249233,0.019671692786438703,0.9730233702123121
USER_059e3e4b,?,NewYork,0.10390554786108436,0.0633441048548783,0.8327503472840373
USER_060db402,?,NewYork,0.035391184752296675,0.056428319276908695,0.9081804959707945
USER_0617e84c,?,California,0.9309870976958612,0.013586023060529686,0.05542687924360915
USER_066aff57,?,Georgia,0.14626392689129247,0.7915772554826912,0.062158817626016404
USER_067bc0d1,?,NewYork,0.013782666197524133,0.012385313092984416,0.9738320207094915
USER_06ec6026,?,NewYork,0.20807628813104795,0.06943696070175506,0.7224867511671971
USER_073ae410,?,NewYork,0.20751544563577623,0.01519224842754852,0.7772923059366752
USER_07713420,?,NewYork,0.3240505359922987,0.13333470471269956,0.5426147592950018
USER_07b8a39e,?,California,0.8469342006631775,0.055738567916225584,0.09732723142059697
USER_087cd93c,?,NewYork,0.13243739686346045,0.06877444617317616,0.7987881569633634
USER_08cdff74,?,NewYork,0.0054433107318467636,0.019325540891448268,0.9752311483767049
USER_098e1532,?,NewYork,0.07131786187779825,0.06592517977451764,0.8627569583476842
USER_0995db73,?,Georgia,0.07654314188400396,0.8140679303611057,0.10938892775489034
USER_09dbf5de,?,Georgia,0.10227797653378035,0.6322310832725367,0.2654909401936829
USER_0b5fa2eb,?,NewYork,0.013423457300270523,0.014354129220946914,0.9722224134787826
USER_0bd05d33,?,Georgia,0.013404523518989343,0.8495667243704178,0.1370287521105929
USER_0c09ba5c,?,California,0.5887343824026131,0.08525435540428297,0.32601126219310395
USER_0c7bb665,?,NewYork,0.009063185618479378,0.007340312241223617,0.983596502140297
USER_0cbd8e04,?,Georgia,0.1391955118814396,0.7152809343278484,0.14552355379071202
USER_0d71ddc1,?,NewYork,0.0354808758737099,0.005809855858461964,0.958709268267828
USER_0d78e1b8,?,NewYork,0.043784734575531385,0.026714844355035086,0.9295004210694336
USER_0ddfa5e6,?,Georgia,0.11425310092812528,0.5233479410533921,0.3623989580184826
USER_0e354317,?,California,0.5129325969460931,0.1490389951445394,0.33802840790936756
USER_0e35810b,?,NewYork,0.027730735668709365,0.1878709111123734,0.7843983532189173
USER_0e541dce,?,NewYork,0.39983464329711244,0.13224992111903705,0.4679154355838505
USER_0e8ad62f,?,NewYork,0.10532323822983021,0.09728021554884954,0.7973965462213203
USER_0f000fe4,?,NewYork,0.00621777475674424,0.007161565054427722,0.9866206601888281
USER_0fbe981e,?,California,0.4542156941851356,0.15793838350629152,0.38784592230857295
USER_10e660ae,?,California,0.6279942606685102,0.09163769885261605,0.2803680404788739
USER_114ebefd,?,California,0.9078630040319567,0.022505340019754766,0.0696316559482886
USER_11e68741,?,NewYork,0.16616917989553964,0.2808439868793241,0.5529868332251363
USER_12093513,?,NewYork,0.08716411677534744,0.009281242913917616,0.9035546403107348
USER_1267d8f7,?,NewYork,0.010025017673747071,0.006978608764064546,0.9829963735621884
USER_1268d148,?,NewYork,0.04161818150332714,0.06336195923146393,0.8950198592652089
USER_12e20166,?,NewYork,0.021355237795017232,0.007417203537009452,0.9712275586679733
USER_1385a20d,?,NewYork,0.03894952258178982,0.017421134778396286,0.9436293426398138
USER_13f7c11a,?,NewYork,0.04612925921625518,0.011959530399055162,0.9419112103846896
USER_14d8ba66,?,NewYork,0.1155221590301664,0.15573227724136504,0.7287455637284685
USER_154028ac,?,California,0.9717662650842204,0.011697051222504385,0.01653668369327512
USER_154aa5bb,?,NewYork,0.04535639432845933,0.04881978341581501,0.9058238222557257
USER_1552bae0,?,NewYork,0.04778047483136115,0.01042187412519463,0.9417976510434443
USER_1562978a,?,NewYork,0.07621210145329983,0.09065883397735093,0.8331290645693492
USER_1577a117,?,NewYork,0.017479913404450566,0.01370481853912882,0.9688152680564206
USER_15cb67cc,?,NewYork,0.0055606647238972354,0.00884902556239913,0.9855903097137038
USER_16d5c2a2,?,Georgia,0.04696851771374375,0.883039871774915,0.06999161051134124
USER_17436f9d,?,NewYork,0.04008672566822704,0.024570795561321978,0.9353424787704508
USER_17ad6a4d,?,NewYork,0.010412731091722971,0.010161043792663896,0.9794262251156132
USER_17b7197e,?,NewYork,0.00524847386259395,0.003290544772375173,0.9914609813650309
USER_18043b98,?,NewYork,0.005517903125935583,0.004729455899907841,0.9897526409741566
USER_18668846,?,NewYork,0.29234003229606853,0.13066100200969077,0.5769989656942407
USER_18bfa1bf,?,NewYork,0.04159233956465176,0.0078070550400837595,0.9506006053952645
USER_1911ce8d,?,NewYork,0.4084384885142927,0.09026250939016796,0.5012990020955392
USER_19325d87,?,NewYork,0.011898525971143542,0.022877990937580826,0.9652234830912756
USER_1963fbc7,?,California,0.8805791832410972,0.035735944140925485,0.0836848726179773
USER_19bec732,?,Georgia,0.39502243134165244,0.42688940200454695,0.17808816665380067
USER_19f5e58a,?,Georgia,0.29156338980080365,0.48442600882980746,0.2240106013693889
USER_1a666e73,?,NewYork,0.37015549699651557,0.026744533001554886,0.6030999700019295
USER_1ad6ec92,?,NewYork,0.41767371610078563,0.027848646376420226,0.5544776375227942
USER_1af91382,?,NewYork,0.10029861259478694,0.06472817821014169,0.8349732091950713
USER_1b02b054,?,NewYork,0.058038846610119654,0.2831571197976655,0.6588040335922148
USER_1b0fbdca,?,California,0.4331832542790587,0.17294207171396583,0.39387467400697557
USER_1b27e15d,?,California,0.43454710618207143,0.25947239235971686,0.3059805014582117
USER_1b2d5f01,?,California,0.9499420492460177,0.02142346692394663,0.02863448383003572
USER_1b47273a,?,NewYork,0.16895291213298996,0.16102746876645668,0.6700196191005533
USER_1b593ea0,?,California,0.7405800188167067,0.028854424487680518,0.2305655566956127
USER_1bad49c0,?,California,0.5303508817245018,0.04886339224290884,0.4207857260325893
USER_1bf805fc,?,NewYork,0.21137303453375472,0.08947142780962228,0.6991555376566231
USER_1c2bdb85,?,Georgia,0.3661423411523466,0.47116141184721044,0.16269624700044305
USER_1c35dac9,?,California,0.8006742044145753,0.049558516127791885,0.1497672794576329
USER_1c47c320,?,California,0.6714924353545959,0.11419764383562778,0.21430992080977626
USER_1c502a4a,?,NewYork,0.13605495089370515,0.04580812918623466,0.8181369199200603
USER_1c87f445,?,Georgia,0.14813630967022423,0.5538830864741568,0.2979806038556189
USER_1cd174a5,?,Georgia,0.17136631150903267,0.528051160523463,0.30058252796750434
USER_1ce79b71,?,NewYork,0.2843324251715445,0.1972942514189576,0.5183733234094979
USER_1d197eb1,?,NewYork,0.17075381860956182,0.11998029924996828,0.7092658821404698
USER_1d7fb750,?,NewYork,0.09162858920904952,0.05950375853827008,0.8488676522526803
USER_1d9ecd1f,?,NewYork,0.12584983070782108,0.12773615230517332,0.7464140169870057
USER_1e0d7389,?,California,0.5682327549073812,0.1374231684130659,0.29434407667955287
USER_1e29440e,?,NewYork,0.030162479178188414,0.0070679441238680075,0.9627695766979435
USER_1e2ec93e,?,NewYork,0.3693726170668811,0.11868050849533966,0.5119468744377792
USER_1e417ec3,?,California,0.7838558636898553,0.014882750264107434,0.20126138604603733
USER_1e8adcef,?,NewYork,0.03253460469182225,0.032693959219617395,0.9347714360885605
USER_1e9813c3,?,NewYork,0.3463836662894543,0.15451507429663458,0.49910125941391115
USER_1eb22f1f,?,NewYork,0.18478845639665328,0.06913405501707444,0.7460774885862724
USER_1eeef1ca,?,NewYork,0.013963990725164143,0.0075180232647628735,0.9785179860100729
USER_1f012225,?,NewYork,0.017869192823701512,0.0101956437579464,0.9719351634183522
USER_1f15e428,?,NewYork,0.07293580845630845,0.0388210217612992,0.8882431697823924
USER_1f48b92c,?,NewYork,0.07470536761294162,0.04531696743847037,0.8799776649485881
USER_1fd26730,?,Georgia,0.2507176468260445,0.48684519550987376,0.26243715766408177
USER_1fde2545,?,Georgia,0.21181001901910634,0.4970876232085556,0.29110235777233806
USER_1ffc01ae,?,NewYork,0.2676497671252005,0.2325179281937116,0.4998323046810879
USER_2047ae1b,?,Georgia,0.2917568189372869,0.5153605237437944,0.19288265731891882
USER_209f9da7,?,NewYork,0.015086381517062602,0.008714172966992551,0.9761994455159447
USER_21221c3a,?,NewYork,0.014245005064110573,0.0067372246473785214,0.979017770288511
USER_212f6e96,?,Georgia,0.03922333413175082,0.5817316193319055,0.3790450465363437
USER_21570d2c,?,NewYork,0.19092745542060532,0.10910427228432683,0.6999682722950679
USER_216928f7,?,NewYork,0.2324562651857564,0.20557017716043177,0.5619735576538117
USER_216b9538,?,Georgia,0.029941260425234522,0.7950440280274472,0.17501471154731826
USER_21e25657,?,NewYork,0.022559896898429938,0.036334995062514024,0.9411051080390561
USER_228b4a0c,?,NewYork,0.04292006669107497,0.011670139955602673,0.9454097933533222
USER_22d6881b,?,California,0.8253070641209092,0.06189315369772231,0.11279978218136842
USER_2370f6bf,?,NewYork,0.010348981680842568,0.005804052373604789,0.9838469659455527
USER_238d70d5,?,NewYork,0.005001915497637173,0.0036507716695987342,0.9913473128327641
USER_24128d4b,?,NewYork,0.00793549137523972,0.00797910814623472,0.9840854004785256
USER_2481e157,?,NewYork,0.10706236229033364,0.06204309826298424,0.8308945394466821
USER_249535bf,?,Georgia,0.06734267642014427,0.5231665745739873,0.40949074900586824
USER_250ddab9,?,NewYork,0.19383716751670163,0.35646776465723523,0.44969506782606317
USER_256b54bd,?,NewYork,0.006539739388599074,0.010171684362283493,0.9832885762491174
USER_25908f1a,?,NewYork,0.0790120618371981,0.1162676508320733,0.8047202873307285
USER_25af73f5,?,NewYork,0.08648073450976668,0.0240591205642565,0.8894601449259768
USER_26007171,?,NewYork,0.2898942052581184,0.024810544597491616,0.6852952501443901
USER_2606a86d,?,California,0.9550463327172068,0.03254132363649403,0.01241234364629917
USER_2630cb48,?,NewYork,0.05377164274673568,0.04658273925848356,0.8996456179947807
USER_26da5680,?,NewYork,0.006851839572423458,0.01371943064132818,0.9794287297862484
USER_27097481,?,NewYork,0.1377555622947017,0.18206502821644766,0.6801794094888506
USER_280d4285,?,NewYork,0.02381642840617959,0.01312345863234753,0.9630601129614729
USER_286c692d,?,NewYork,0.11727027602158961,0.37852578834235917,0.5042039356360513
USER_28c2490b,?,NewYork,0.056661177681088505,0.02969087518725893,0.9136479471316528
USER_28c66184,?,Georgia,0.039781262705666974,0.6189640592180754,0.3412546780762576
USER_2901f5d2,?,California,0.945073157159387,0.011299843527670493,0.04362699931294258
USER_2950e8c0,?,NewYork,0.06476981427818754,0.019472365971759317,0.915757819750053
USER_29ffb735,?,NewYork,0.02239626720109778,0.08219625270825624,0.895407480090646
USER_2a88e71c,?,Georgia,0.04026217884061304,0.8731667596557726,0.08657106150361439
USER_2aba30b4,?,NewYork,0.010133514727694188,0.0051447442439445865,0.9847217410283612
USER_2adc013f,?,NewYork,0.4623708281462241,0.03833412673657984,0.49929504511719613
USER_2add8395,?,NewYork,0.03831826128478317,0.01677684595328371,0.9449048927619332
USER_2b071628,?,NewYork,0.019325642279321077,0.01698446430897111,0.9636898934117077
USER_2b572e4d,?,NewYork,0.06656768123229077,0.013570373543214555,0.9198619452244947
USER_2c013f15,?,California,0.6172305308853626,0.10658913008186423,0.27618033903277306
USER_2c5739d4,?,Georgia,0.11857451225506326,0.7318839699870335,0.14954151775790328
USER_2ca9481d,?,California,0.5966783143211056,0.32518209348445687,0.07813959219443754
USER_2cb61ce4,?,California,0.7912698857583971,0.07638015124456998,0.1323499629970329
USER_2cb8e6ac,?,California,0.5148539044434252,0.2601008621496351,0.22504523340693963
USER_2cd884ab,?,California,0.7485281337394748,0.05521699403339476,0.1962548722271305
USER_2d694b18,?,NewYork,0.011061000785897116,0.004864760648372472,0.9840742385657305
USER_2f28cca9,?,California,0.3875546146651976,0.25924648665098476,0.3531988986838177
USER_2f2d6ae4,?,NewYork,0.0529663113678848,0.02448813219432513,0.92254555643779
USER_30878eb8,?,NewYork,0.28115324304304007,0.1367533255465515,0.5820934314104084
USER_310af2fe,?,California,0.5724044116735683,0.10131031838131081,0.32628526994512097
USER_312e8b79,?,NewYork,0.015182829981225346,0.01001203554392002,0.9748051344748546
USER_313f308d,?,NewYork,0.2160496979196394,0.040972647086955145,0.7429776549934055
USER_316f17c5,?,California,0.8527559054559757,0.10247488884719529,0.04476920569682894
USER_317f2f44,?,NewYork,0.25794248837461026,0.32567554662018217,0.4163819650052076
USER_31a747b6,?,NewYork,0.03268540772202902,0.02117956920784844,0.9461350230701226
USER_31c3b3da,?,California,0.8493834263970533,0.04983907003379079,0.10077750356915602
USER_31c556c3,?,NewYork,0.008358242257220823,0.006434373143211439,0.9852073845995677
USER_31d69de0,?,NewYork,0.011601169422600501,0.003532487576396308,0.9848663430010031
USER_31f37996,?,California,0.37815527009925903,0.2656792915605042,0.35616543834023673
USER_324bcac5,?,NewYork,0.1579844896981184,0.13926801508500297,0.7027474952168786
USER_32a5dbf3,?,Georgia,0.030445807495811397,0.9177998668150374,0.05175432568915135
USER_32ba33be,?,NewYork,0.007296003896336607,0.009885521033239097,0.9828184750704243
USER_32c96cdd,?,NewYork,0.022587332844176577,0.033851029239599886,0.9435616379162234
USER_332b44fb,?,NewYork,0.008466858697401207,0.006575635408611652,0.9849575058939871
USER_3351df96,?,NewYork,0.10255994649494546,0.36391138818265023,0.5335286653224043
USER_3380c961,?,NewYork,0.02912331104800937,0.009811111189062197,0.9610655777629284
USER_33973a49,?,NewYork,0.42802997402094684,0.08825078522607932,0.4837192407529739
USER_346e4a41,?,NewYork,0.141559427363939,0.09557916570643281,0.7628614069296282
USER_34b503db,?,NewYork,0.1713228608059184,0.09579265461677948,0.732884484577302
USER_351841b1,?,NewYork,0.008196329585143583,0.0068196345675325355,0.9849840358473239
USER_35189819,?,NewYork,0.006755561016936972,0.008557921847012814,0.9846865171360503
USER_35807dab,?,NewYork,0.0494454036075584,0.017441278899557665,0.933113317492884
USER_358eb04b,?,NewYork,0.279854102901382,0.05575166983495441,0.6643942272636637
USER_3611eed4,?,NewYork,0.004326179931835037,0.0034934908503073832,0.9921803292178576
USER_362fcb4e,?,California,0.4514991696622893,0.35516645805613023,0.19333437228158062
USER_366ead5c,?,NewYork,0.2826325625633809,0.11694657044763725,0.600420866988982
USER_36aebdd0,?,NewYork,0.23473098757380673,0.30865749898079686,0.4566115134453963
USER_3731a11a,?,NewYork,0.028561864067197795,0.014045143409219472,0.9573929925235828
USER_374a99a6,?,California,0.7260412930084721,0.05675463084042139,0.21720407615110654
USER_375ddf66,?,California,0.9443098705534023,0.014517043615190942,0.04117308583140671
USER_3761e30b,?,Georgia,0.13518394007478812,0.6985119913372013,0.1663040685880105
USER_377ab802,?,NewYork,0.0369060143558162,0.02976225923097677,0.933331726413207
USER_37d9b8a2,?,NewYork,0.40414194713081736,0.1545570348629213,0.4413010180062613
USER_37fbd81d,?,Georgia,0.024025434357565677,0.7833424973768965,0.1926320682655378
USER_382758ba,?,NewYork,0.04452001113164816,0.011062978208462285,0.9444170106598896
USER_3839a806,?,NewYork,0.22931612490213613,0.23938893338356107,0.5312949417143028
USER_385039c2,?,NewYork,0.026538287494502807,0.030988811324899775,0.9424729011805973
USER_386fabf9,?,NewYork,0.05229605960801724,0.13584418903414128,0.8118597513578414
USER_3885fd0e,?,NewYork,0.015124800342708909,0.0134099159703603,0.9714652836869309
USER_38878baf,?,NewYork,0.05738142461401814,0.04233024001163196,0.9002883353743498
USER_391b3f19,?,NewYork,0.017873241800148817,0.015144859662971716,0.9669818985368795
USER_3926cc91,?,Georgia,0.08566561788312872,0.5799770547763701,0.3343573273405012
USER_392edeb4,?,NewYork,0.28502476645856994,0.10501038432680444,0.6099648492146257
USER_3a0cce74,?,NewYork,0.4383623714726417,0.02406928032818831,0.5375683481991701
USER_3ab1c13a,?,California,0.6013974234827837,0.23393070693988435,0.16467186957733193
USER_3b2c7aeb,?,California,0.5988795617937408,0.1577864121357417,0.24333402607051752
USER_3b3ee2a1,?,NewYork,0.1508185659348437,0.04548764774762409,0.8036937863175322
USER_3b59b7cc,?,Georgia,0.05187572666410046,0.5000662503914255,0.44805802294447405
USER_3b897a10,?,California,0.5319154119637811,0.18455869504369068,0.2835258929925283
USER_3bbacfa2,?,NewYork,0.04564988557157425,0.03512606522834193,0.9192240492000837
USER_3bcbd9f2,?,NewYork,0.01723393765565452,0.019143453129397366,0.9636226092149481
USER_3c027111,?,California,0.4003197215830401,0.23835186187783178,0.3613284165391282
USER_3cf60041,?,NewYork,0.04074374798731121,0.017273858884261015,0.9419823931284277
USER_3d364f1e,?,NewYork,0.006035374651904887,0.0060186982563366345,0.9879459270917584
USER_3d478593,?,NewYork,0.25407800894391813,0.22149728006757113,0.5244247109885108
USER_3d4a71db,?,NewYork,0.006043781682510541,0.003464610073288437,0.9904916082442009
USER_3d617a59,?,California,0.5680829996130281,0.10596698697110563,0.32595001341586627
USER_3d712136,?,California,0.6259596089936924,0.02408712251306252,0.3499532684932451
USER_3da11595,?,NewYork,0.08354798085318063,0.06388866791430453,0.8525633512325149
USER_3dcec70f,?,Georgia,0.36225819575797646,0.4507764761461335,0.18696532809589003
USER_3e152eed,?,NewYork,0.11948693865990198,0.23989580765567917,0.6406172536844189
USER_3e3d4fdf,?,NewYork,0.009598323214605515,0.08124520759629407,0.9091564691891005
USER_3e65626b,?,NewYork,0.03550146309365075,0.02067862711634368,0.9438199097900055
USER_3ed488ea,?,NewYork,0.25645256301912633,0.10427100487375288,0.6392764321071207
USER_3ee8fbbe,?,NewYork,0.004192634188829122,0.005471734309519549,0.9903356315016514
USER_3f5fc595,?,NewYork,0.17854048313146628,0.051841587126748044,0.7696179297417858
USER_3f65f650,?,NewYork,0.4301390695364112,0.08733371056713199,0.4825272198964567
USER_3f6e72de,?,California,0.5631139549335309,0.08991762164395982,0.3469684234225092
USER_3f73341f,?,NewYork,0.046780795433501374,0.19838042048949114,0.7548387840770076
USER_3fe167a5,?,California,0.3408541050735856,0.3357636767848774,0.32338221814153706
USER_3ff0eac2,?,California,0.47572075171071465,0.15571820519503327,0.36856104309425197
USER_4033d6b0,?,NewYork,0.02677444933780901,0.011174480945099896,0.9620510697170911
USER_40b5babf,?,NewYork,0.04302295103261238,0.02388763360412952,0.9330894153632581
USER_40e3cc5c,?,California,0.7586866845077552,0.23505269028724457,0.006260625205000201
USER_4109c700,?,NewYork,0.10355685971106751,0.05360926621620186,0.8428338740727306
USER_4139eebd,?,Georgia,0.12402426366966918,0.7538784207984123,0.12209731553191863
USER_41a32cd9,?,NewYork,0.07480825083445915,0.03843600496476723,0.8867557442007737
USER_41ae8eba,?,California,0.4582748303620299,0.1573429725829332,0.384382197055037
USER_41b1e5d3,?,California,0.7250733705512011,0.07052778808800787,0.2043988413607911
USER_41b9a343,?,NewYork,0.3778963536578915,0.08925196900067614,0.5328516773414325
USER_42058caa,?,Georgia,0.05668379938499479,0.8762548439220871,0.06706135669291807
USER_422fcf6d,?,NewYork,0.03533130375199949,0.0271571565581595,0.937511539689841
USER_428ff9aa,?,NewYork,0.044489860335228594,0.1448911411481522,0.8106189985166192
USER_42f872d9,?,NewYork,0.023419572324769957,0.02054337129243391,0.9560370563827961
USER_42fa9813,?,NewYork,0.0062694490945017275,0.0047603284978955515,0.9889702224076029
USER_43357d60,?,California,0.48017980694892515,0.3903700812222993,0.12945011182877544
USER_4393579b,?,NewYork,0.023627086261486935,0.019151138195664302,0.9572217755428488
USER_43a53512,?,NewYork,0.008557247826817278,0.0075885378240750775,0.9838542143491076
USER_43a9815a,?,NewYork,0.010400873376115114,0.05978699664222659,0.9298121299816583
USER_43b45f4d,?,NewYork,0.11805065801665476,0.09405342662508064,0.7878959153582645
USER_43d79f43,?,NewYork,0.04173903073588719,0.060143931829886026,0.8981170374342268
USER_45102925,?,NewYork,0.006546643341496918,0.010755213899753924,0.9826981427587491
USER_451e26f1,?,NewYork,0.004335829069220021,0.011283847257364674,0.9843803236734153
USER_45362a87,?,NewYork,0.09125846489831518,0.027877496640859797,0.880864038460825
USER_453a081e,?,NewYork,0.045537430948703335,0.023108098582768053,0.9313544704685286
USER_4554b4ee,?,NewYork,0.2349020520813894,0.24016663313033912,0.5249313147882715
USER_4591ffac,?,NewYork,0.028702384225972977,0.01116248840219091,0.960135127371836
USER_466b9a5c,?,California,0.9068282729340115,0.030045110035966608,0.06312661703002201
USER_46af6e83,?,Georgia,0.21718459293054995,0.547883936952228,0.23493147011722196
USER_475202df,?,NewYork,0.374390931371698,0.05965600278496473,0.5659530658433374
USER_47b05242,?,NewYork,0.05761627549168305,0.030819203163862434,0.9115645213444545
USER_47f7fe20,?,NewYork,0.2350822610660906,0.24698898116819365,0.5179287577657158
USER_480be1ad,?,NewYork,0.03656326650782123,0.0724536855648088,0.89098304792737
USER_48badc08,?,California,0.9523183958538604,0.027798893888055343,0.019882710258084333
USER_492787d1,?,NewYork,0.4220452537203594,0.035033208866506516,0.5429215374131341
USER_496ac393,?,Georgia,0.1786324397303177,0.7150467333545254,0.1063208269151569
USER_497fcb02,?,California,0.8298627133284956,0.02443182288651886,0.14570546378498556
USER_4997f190,?,NewYork,0.014958604985833441,0.012252247339830363,0.9727891476743361
USER_49d4be2e,?,California,0.8589679010173069,0.022440499804451956,0.11859159917824114
USER_49e82ac6,?,Georgia,0.25156304855547856,0.5938571597732141,0.15457979167130742
USER_4a43b1bc,?,NewYork,0.012473776210214001,0.0072078251064538745,0.9803183986833321
USER_4a4b8dc9,?,NewYork,0.08469608766010975,0.1834064401185199,0.7318974722213702
USER_4a7ab42d,?,California,0.48318271245510896,0.18542590168487624,0.33139138586001476
USER_4a7ed75c,?,NewYork,0.012088032856391215,0.010654627553512519,0.9772573395900965
USER_4acc9f7a,?,NewYork,0.0674986456053743,0.032243242054342536,0.9002581123402832
USER_4b5a5ed6,?,NewYork,0.2393678445619978,0.13249027490700385,0.6281418805309984
USER_4bfacfa0,?,NewYork,0.07630692723437527,0.07880916564553508,0.8448839071200897
USER_4c306943,?,NewYork,0.3244068805882035,0.19797867817440087,0.47761444123739566
USER_4c30d4e5,?,California,0.9674797114285187,0.013913572658631962,0.018606715912849292
USER_4c51c0dc,?,NewYork,0.11103047615484944,0.06894041347199505,0.8200291103731555
USER_4c62a606,?,NewYork,0.4115091583147945,0.03524853752238175,0.5532423041628237
USER_4c756692,?,Georgia,0.24217082382197663,0.5191537818416614,0.23867539433636187
USER_4d051709,?,NewYork,0.09484613745713101,0.10239835223498184,0.8027555103078872
USER_4dc8d885,?,NewYork,0.39177503847517825,0.08021068677136724,0.5280142747534545
USER_4e2d1832,?,NewYork,0.033535554082132386,0.02120160713034074,0.9452628387875268
USER_4ec79b73,?,NewYork,0.01814777890605763,0.03810228267854856,0.9437499384153938
USER_4f245ab2,?,NewYork,0.26131906595467697,0.14418887429142452,0.5944920597538986
USER_4f2f9b97,?,NewYork,0.20227149659900656,0.3959875578216504,0.4017409455793431
USER_4fb0f981,?,NewYork,0.3823807377449509,0.05069083597185393,0.5669284262831952
USER_4fb70820,?,NewYork,0.011380683412762268,0.008543254951242807,0.9800760616359949
USER_4fd63247,?,NewYork,0.13588024119501171,0.32010751744775445,0.5440122413572338
USER_4fd8fb1c,?,Georgia,0.044371131381568556,0.8654793500394808,0.0901495185789505
USER_502eb2e1,?,NewYork,0.010671157576691627,0.006552239055014307,0.9827766033682941
USER_50557eb6,?,NewYork,0.03134310503047481,0.03311231647061602,0.935544578498909
USER_5071602b,?,NewYork,0.015267402915082936,0.10774769065531581,0.8769849064296013
USER_50c9925d,?,California,0.9033615465428926,0.03574669903609872,0.06089175442100879
USER_51469cab,?,NewYork,0.010111321839977948,0.007909716794886725,0.9819789613651353
USER_520dddc4,?,NewYork,0.0059897068963617045,0.12638729907558258,0.8676229940280556
USER_52cb1bd2,?,California,0.5351450942126471,0.16718745257277268,0.29766745321458027
USER_531dc01f,?,NewYork,0.10114529573937447,0.04724611272466827,0.8516085915359571
USER_53487451,?,California,0.7083373484818267,0.02833990865502077,0.26332274286315266
USER_53621ba3,?,NewYork,0.27049468346450467,0.18209175799484265,0.5474135585406527
USER_538e44c4,?,NewYork,0.04357927629635027,0.03411532417241415,0.9223053995312355
USER_542aa1fb,?,California,0.5740186829110604,0.06051545665998157,0.3654658604289581
USER_54e9deb6,?,NewYork,0.017494168354037505,0.013064381817603084,0.9694414498283592
USER_564ec211,?,NewYork,0.08466897216228426,0.1125587705961076,0.802772257241608
USER_5673f628,?,California,0.6828095049736419,0.16181633485615002,0.15537416017020805
USER_5697f699,?,NewYork,0.008537843564953282,0.0067451373726069895,0.9847170190624397
USER_569ba403,?,NewYork,0.011933405533081538,0.005149743538987861,0.9829168509279305
USER_56e785f3,?,NewYork,0.015841151076407968,0.010408418466848715,0.9737504304567434
USER_56f0f5d0,?,California,0.58653333831949,0.04955479435141803,0.363911867329092
USER_57186934,?,NewYork,0.008499898124189435,0.008468629486660297,0.9830314723891502
USER_572a4677,?,NewYork,0.015608582345459258,0.02249115732566234,0.9619002603288783
USER_5743262a,?,NewYork,0.18627616240401149,0.27759928815803536,0.5361245494379532
USER_57a03f1a,?,NewYork,0.1943430358638142,0.1775952271365043,0.6280617369996815
USER_58cda3f6,?,NewYork,0.01541960285661497,0.01839754276129462,0.9661828543820904
USER_58f29c15,?,NewYork,0.007289496176020267,0.004578890745824478,0.9881316130781552
USER_5941d4ce,?,NewYork,0.006964058377583878,0.004431386916224743,0.9886045547061915
USER_594dc803,?,NewYork,0.006290277237521109,0.005421771135555641,0.9882879516269234
USER_59aaf319,?,NewYork,0.011977777792282741,0.0032783707224825825,0.9847438514852347
USER_59d04e5c,?,NewYork,0.0064062452180593445,0.0219007273011118,0.971693027480829
USER_59f5a7c3,?,California,0.6519906910643889,0.2758298115470037,0.0721794973886075
USER_59fef649,?,NewYork,0.02143630724875407,0.0532607205934096,0.9253029721578363
USER_5a22b51f,?,California,0.9037421219220079,0.07518023395517096,0.021077644122821308
USER_5a343aa5,?,NewYork,0.013806367421531735,0.009143597895637583,0.9770500346828307
USER_5aa66355,?,NewYork,0.023483146576525334,0.032224988526699735,0.9442918648967749
USER_5ac1aaa0,?,NewYork,0.01775278608271163,0.012211018964780912,0.9700361949525075
USER_5b6753c3,?,NewYork,0.12698154413431398,0.09304620480050606,0.7799722510651799
USER_5be35b92,?,California,0.45817529093948967,0.17453658319987697,0.36728812586063336
USER_5c87eac9,?,NewYork,0.32176209095833314,0.0351000565011125,0.6431378525405543
USER_5d4fa5a6,?,California,0.595533941096051,0.13483465357004565,0.2696314053339034
USER_5dced2c0,?,NewYork,0.07193085359516824,0.03848833237799195,0.8895808140268399
USER_5deadf5b,?,California,0.4830828514408904,0.11568877525524283,0.4012283733038667
USER_5df221b1,?,California,0.7929610388677554,0.11748399730781972,0.08955496382442493
USER_5e58dd16,?,California,0.9371593411308093,0.010703800196237413,0.052136858672953326
USER_5e6c2bc1,?,California,0.8139682075634598,0.09794257902951913,0.08808921340702087
USER_5fa62451,?,NewYork,0.046944513189012584,0.03432597952091051,0.918729507290077
USER_5feb8d1f,?,NewYork,0.06475559812206226,0.30180813365750453,0.6334362682204333
USER_606a56b9,?,NewYork,0.007005929331334967,0.010077519029633879,0.9829165516390311
USER_60c4102b,?,Georgia,0.17558685639079238,0.6235913228960215,0.20082182071318633
USER_6107e30f,?,NewYork,0.18689754242277212,0.0447090913572338,0.768393366219994
USER_610bb3b7,?,California,0.6986855457217299,0.03294328862427872,0.2683711656539914
USER_6113e677,?,California,0.9231988523194975,0.049773266167080735,0.027027881513421798
USER_61707e96,?,NewYork,0.33337697917516973,0.12227294066550591,0.5443500801593244
USER_617635b8,?,California,0.8038699734433908,0.038534270811645024,0.1575957557449641
USER_61989839,?,NewYork,0.2828348547933353,0.31463195671386224,0.40253318849280245
USER_61e1bcf0,?,California,0.6344603750448455,0.09889891466702361,0.2666407102881309
USER_626e759d,?,NewYork,0.09748671346343915,0.08337871447050076,0.8191345720660601
USER_629ecb44,?,NewYork,0.07629005043914451,0.04188217537925966,0.881827774181596
USER_62aae6a7,?,NewYork,0.24099462434138894,0.33106577870829634,0.42793959695031475
USER_62bbc015,?,California,0.698323714310179,0.0885901402984465,0.21308614539137447
USER_6307c420,?,NewYork,0.026838731774460632,0.015566556065182416,0.9575947121603571
USER_630996db,?,California,0.46965347126669693,0.17514564476415603,0.35520088396914706
USER_6377d61f,?,NewYork,0.14046812679450182,0.06948028843497708,0.790051584770521
USER_63ae7b2d,?,California,0.3961774491532644,0.29468893217855446,0.30913361866818106
USER_640ad8d5,?,NewYork,0.013818702006336265,0.00999426064263586,0.9761870373510279
USER_641c9fa6,?,NewYork,0.2759047569533768,0.2023969320996047,0.5216983109470185
USER_6433b647,?,California,0.9163013536192042,0.042352489048108705,0.0413461573326873
USER_6453a2e0,?,NewYork,0.41393343639282343,0.08574836720365808,0.5003181964035185
USER_6559bda9,?,NewYork,0.09301925610036654,0.03262632311175458,0.8743544207878791
USER_65ef019b,?,NewYork,0.06318080565744787,0.010840149504256491,0.9259790448382959
USER_662ea30b,?,California,0.3925559730071517,0.2993075879282455,0.3081364390646029
USER_66f9636e,?,NewYork,0.027121892648438256,0.03273377877995474,0.9401443285716069
USER_670e2a0b,?,California,0.7518920067572087,0.07769188645557645,0.170416106787215
USER_67482d6c,?,NewYork,0.01886172695025262,0.006336145385192019,0.9748021276645552
USER_6789a05a,?,NewYork,0.03484687599469021,0.05437242713287442,0.9107806968724353
USER_68183c28,?,NewYork,0.10242163268659409,0.06509787290198694,0.832480494411419
USER_681faecc,?,NewYork,0.01445991009430756,0.022833330671190588,0.9627067592345019
USER_684a2501,?,California,0.7817735728108952,0.03521595694878341,0.18301047024032144
USER_6879cfc3,?,NewYork,0.08336451108657489,0.01560681475099579,0.9010286741624293
USER_6902a75c,?,NewYork,0.0419236208097205,0.013509197131651917,0.9445671820586276
USER_698ca49c,?,NewYork,0.11855245505281814,0.09901291961338121,0.7824346253338007
USER_69ad2883,?,Georgia,0.2754265439747423,0.4636401345428558,0.26093332148240195
USER_69c74a0d,?,Georgia,0.0236784144910224,0.8735857406748344,0.10273584483414307
USER_69e7fca6,?,NewYork,0.01579997771909998,0.02126233286181316,0.9629376894190869
USER_6a4150e9,?,NewYork,0.013852374456741463,0.009333484378300031,0.9768141411649587
USER_6abbe190,?,California,0.5577242944294808,0.12460212448028907,0.31767358109023014
USER_6b51eaf6,?,NewYork,0.024329738771338087,0.025879489852814984,0.9497907713758469
USER_6b76289c,?,NewYork,0.02712388422729648,0.015177925873173763,0.9576981898995297
USER_6c0ce87e,?,California,0.7215541510545715,0.08020136704676463,0.19824448189866378
USER_6c396bc1,?,NewYork,0.0922718020658438,0.06997092590926904,0.8377572720248871
USER_6cb629bd,?,NewYork,0.03879913609744399,0.029493086819278796,0.9317077770832772
USER_6cb74641,?,NewYork,0.2362737213362915,0.11016526275047003,0.6535610159132385
USER_6dfb285e,?,California,0.7263041234569155,0.24890239579613263,0.02479348074695188
USER_6e0b05a1,?,NewYork,0.03380164236345556,0.032952588655097856,0.9332457689814466
USER_6e5ae663,?,NewYork,0.20258108605387617,0.08259843593172339,0.7148204780144004
USER_6efc8637,?,NewYork,0.04364453636785761,0.008231631820127608,0.9481238318120148
USER_6f9de088,?,NewYork,0.12676673067583646,0.0921652512832209,0.7810680180409426
USER_6fd22a16,?,California,0.684154801777065,0.033088733423197084,0.28275646479973787
USER_7021d4fe,?,NewYork,0.01799267361130167,0.006365166553272524,0.9756421598354259
USER_7031d6a0,?,California,0.699157868967427,0.04693750867261724,0.2539046223599556
USER_703c2752,?,NewYork,0.11323684833942199,0.13757806983871282,0.7491850818218653
USER_7061da53,?,NewYork,0.005419061135936498,0.007463561465431878,0.9871173773986315
USER_70690adf,?,NewYork,0.10670289493794384,0.05239883873346467,0.8408982663285915
USER_70f0bcf5,?,NewYork,0.030306352914938803,0.14470669375045983,0.8249869533346015
USER_70fa2627,?,NewYork,0.04067494318671662,0.06739851291496927,0.891926543898314
USER_7122bd33,?,NewYork,0.2329975005381083,0.0318349410658858,0.735167558396006
USER_7124793e,?,NewYork,0.0036406963406543204,0.00582728907995495,0.9905320145793908
USER_7148a7dd,?,NewYork,0.0066645526822644114,0.005403480724140613,0.987931966593595
USER_715db191,?,NewYork,0.2941069080848518,0.3144091854890719,0.39148390642607633
USER_71634424,?,NewYork,0.03450201054818323,0.07900099627190942,0.8864969931799074
USER_71b44c3c,?,California,0.8163566367776949,0.04845627721829115,0.135187086004014
USER_71d2698e,?,NewYork,0.2671622751179141,0.04580077281909638,0.6870369520629895
USER_724f0ba2,?,California,0.5552868594844461,0.03183753934919272,0.4128756011663611
USER_7267daa2,?,NewYork,0.00463060501098484,0.007957326924242104,0.9874120680647729
USER_73479d68,?,Georgia,0.09458240643322598,0.8634663297203055,0.04195126384646848
USER_736899c8,?,NewYork,0.026019013938397312,0.04258665292529135,0.9313943331363114
USER_7374ea4c,?,NewYork,0.015269272572298414,0.011678776641624268,0.9730519507860773
USER_738b5fa1,?,NewYork,0.019177289939602722,0.012074796686597514,0.9687479133737997
USER_73b58d65,?,Georgia,0.02836692521837327,0.701602263597138,0.27003081118448863
USER_74f133ba,?,NewYork,0.008073359689630117,0.010172537456876402,0.9817541028534934
USER_74fb72f0,?,California,0.9527487328288624,0.015244975719526755,0.03200629145161092
USER_75644e28,?,Georgia,0.07718374765841993,0.8390027877769128,0.0838134645646672
USER_75667382,?,NewYork,0.023598262045387102,0.01402638763770349,0.9623753503169094
USER_75e90c35,?,NewYork,0.03964616921512511,0.026550733959551622,0.9338030968253233
USER_76772a35,?,NewYork,0.010316900790133615,0.008332977124978479,0.9813501220848879
USER_770d44e6,?,California,0.6009445289199016,0.24595295575057505,0.1531025153295234
USER_778961e9,?,California,0.4405725366576812,0.16921902849002526,0.3902084348522935
USER_77d7ce58,?,California,0.8876871986993511,0.07816248398362395,0.03415031731702493
USER_77efb69c,?,Georgia,0.19098476720025975,0.4516332640531081,0.3573819687466323
USER_78d7f848,?,NewYork,0.011238641120806274,0.0046242648969249765,0.9841370939822689
USER_79139803,?,California,0.8428705056847555,0.037995282303865265,0.11913421201137928
USER_7966ae1b,?,NewYork,0.06231149390766278,0.0500323408521371,0.8876561652402001
USER_79d6c1fd,?,NewYork,0.3716141665013896,0.03902136647642752,0.5893644670221828
USER_79df1b3e,?,NewYork,0.00652720774395059,0.0075186065102432215,0.9859541857458062
USER_7a075b20,?,California,0.7008741533373578,0.12478071858130263,0.17434512808133962
USER_7a260f17,?,NewYork,0.011116573436431552,0.013079467312931076,0.9758039592506372
USER_7b4bbba3,?,NewYork,0.009308332774711575,0.011864023568792594,0.9788276436564959
USER_7b69bd51,?,NewYork,0.10614130860199725,0.05746561775736375,0.8363930736406391
USER_7b8c76bd,?,NewYork,0.005870895753445684,0.004629984474620884,0.9894991197719334
USER_7be2032a,?,Georgia,0.12343312091432007,0.45413246016294473,0.42243441892273514
USER_7c98f07a,?,NewYork,0.1505450008076246,0.4238497182777339,0.4256052809146415
USER_7d952021,?,NewYork,0.3586266251885263,0.11043931643177601,0.5309340583796976
USER_7dbaa3ee,?,NewYork,0.0063130881935500064,0.005346561162930692,0.9883403506435193
USER_7f178917,?,NewYork,0.33573214550890634,0.05645707230138801,0.6078107821897056
USER_7f4f9842,?,NewYork,0.05654888173298495,0.03217047545741022,0.9112806428096049
USER_7f5be0d9,?,NewYork,0.019464562363995228,0.01624826496644357,0.9642871726695612
USER_80165d12,?,NewYork,0.006072407817220405,0.0035267831218456524,0.9904008090609339
USER_8044d2b6,?,California,0.36832021948232374,0.3135837618092311,0.31809601870844517
USER_8128d3b2,?,NewYork,0.15443233680635873,0.16647784135354357,0.6790898218400978
USER_816e9d84,?,Georgia,0.035279822161041745,0.8050462498097393,0.15967392802921904
USER_817ecc31,?,NewYork,0.011182001945794993,0.009867394575331435,0.9789506034788736
USER_81a65e91,?,California,0.5064791481448969,0.08864039942307152,0.4048804524320315
USER_82685db9,?,NewYork,0.3098673631006544,0.03756746170624407,0.6525651751931016
USER_8386d78a,?,Georgia,0.04502835614129876,0.9057652919592093,0.049206351899492046
USER_83a5ad2d,?,NewYork,0.047059252035752404,0.1253097530788319,0.8276309948854157
USER_845b9e50,?,NewYork,0.0064840751995162635,0.01134374189339121,0.9821721829070924
USER_84750aab,?,NewYork,0.2776517666995387,0.0945382243882007,0.6278100089122606
USER_84c6cec6,?,NewYork,0.23636376147958008,0.11063680427332562,0.6529994342470944
USER_84f8e565,?,California,0.6364156064278685,0.04037089130769267,0.3232135022644388
USER_8519d5fe,?,NewYork,0.36942926600790016,0.17757053642427978,0.45300019756782006
USER_852984da,?,NewYork,0.04768333799485594,0.12028228243888073,0.8320343795662634
USER_8536db1c,?,NewYork,0.24867041872709517,0.0986349613399663,0.6526946199329385
USER_85467083,?,California,0.8231885507555924,0.027722193699692387,0.14908925554471517
USER_85587748,?,NewYork,0.022453117060076164,0.018893640724702686,0.9586532422152212
USER_859d9c2e,?,NewYork,0.02648830044241163,0.04146328364345745,0.9320484159141309
USER_85e01ba2,?,California,0.8990084518194055,0.08258388774604608,0.01840766043454839
USER_86317dcd,?,Georgia,0.02854444999756391,0.8526529484226146,0.11880260157982138
USER_86684402,?,NewYork,0.004249319083666295,0.004057695146612733,0.991692985769721
USER_86caef0e,?,Georgia,0.021764978437245713,0.7459077250318669,0.23232729653088727
USER_86f2740f,?,California,0.7705950132849405,0.07134482219849679,0.1580601645165627
USER_872a6619,?,NewYork,0.38277086438799895,0.1950578929285474,0.42217124268345363
USER_8766f6a8,?,NewYork,0.023255907385618717,0.021955690805743302,0.9547884018086379
USER_88f2d306,?,NewYork,0.025089900927528847,0.010517536813782107,0.9643925622586891
USER_891a5ac1,?,NewYork,0.035228676276764403,0.012432596584061135,0.9523387271391746
USER_893e1c79,?,Georgia,0.10070878382725489,0.8570251120134965,0.04226610415924866
USER_895401a0,?,NewYork,0.008586991892689622,0.005060204323207024,0.9863528037841034
USER_8959054b,?,NewYork,0.21744133502251992,0.14079255933937002,0.6417661056381103
USER_89aedca8,?,NewYork,0.025021081116868852,0.012725415489634694,0.9622535033934965
USER_89eb84bd,?,NewYork,0.15884656447208434,0.2090021254405346,0.6321513100873809
USER_8a318f42,?,California,0.6590911451446178,0.07679864477472892,0.2641102100806534
USER_8a470c86,?,California,0.47723131253653495,0.23430469001939583,0.2884639974440693
USER_8acf6a6b,?,NewYork,0.09626046871803073,0.18119795996042118,0.7225415713215482
USER_8b2ea24e,?,NewYork,0.1070441466496987,0.4363396952674719,0.4566161580828294
USER_8b30e74e,?,NewYork,0.4797186790226679,0.040118514621089715,0.4801628063562423
USER_8b4a7301,?,NewYork,0.037623169180640396,0.06217804174104222,0.9001987890783174
USER_8b58d394,?,NewYork,0.057484819575007645,0.013194852276465992,0.9293203281485263
USER_8b718df6,?,NewYork,0.045898734816508115,0.0360034014699039,0.9180978637135879
USER_8b8404dd,?,NewYork,0.19788215127099362,0.2485816274987479,0.5535362212302586
USER_8b9de5fa,?,NewYork,0.005133022488185608,0.007288163184903259,0.9875788143269112
USER_8c6846f5,?,California,0.8601031517436094,0.12410207689762874,0.015794771358761745
