user-id,class,prediction,California,Georgia,NewYork
USER_001ac628,?,California,0.5678687086942078,0.35387985969644337,0.07825143160934883
USER_002ac912,?,NewYork,0.0728761841471202,0.14306375917656783,0.7840600566763121
USER_0089c6ed,?,NewYork,0.05833365716566389,0.014441238328382271,0.9272251045059539
USER_00bc828f,?,NewYork,0.01700309441622538,0.1626796615855662,0.8203172439982085
USER_00e7be97,?,NewYork,0.17805618475095727,0.0922500119637631,0.7296938032852797
USER_012b2595,?,California,0.549491991381081,0.09723244592590607,0.35327556269301286
USER_0139bf5c,?,NewYork,0.008028553947688404,0.0027436543938984845,0.9892277916584131
USER_020719b6,?,NewYork,0.0008202528279594903,0.002264432830279954,0.9969153143417605
USER_026a085b,?,NewYork,0.006066282222077754,0.009299265556215316,0.984634452221707
USER_028ea70d,?,Georgia,0.36761757095753955,0.6103422688257719,0.022040160216688677
USER_03c6b720,?,NewYork,0.0048586997918862096,0.005675350163772756,0.9894659500443411
USER_03e9e8a9,?,California,0.9519580401344041,0.017480566618060883,0.03056139324753495
USER_04b3ff64,?,California,0.858091521331256,0.09595301176880616,0.0459554668999378
USER_04d5ae7e,?,Georgia,0.01799987831217335,0.9356083605406499,0.04639176114717684
USER_04f00846,?,NewYork,0.003054354567259492,0.007347383427625786,0.9895982620051147
USER_059e3e4b,?,NewYork,0.0852946296549073,0.0282990741165758,0.8864062962285169
USER_060db402,?,NewYork,0.02148540813731503,0.03963632793728092,0.9388782639254041
USER_0617e84c,?,California,0.8867215207509191,0.020596759209841095,0.09268172003923968
USER_066aff57,?,Georgia,0.07976002984496586,0.8872477126662356,0.03299225748879857
USER_067bc0d1,?,NewYork,0.0029490723635395167,0.0023445671029107187,0.9947063605335498
USER_06ec6026,?,NewYork,0.06729662704268667,0.03487143330015122,0.8978319396571621
USER_073ae410,?,NewYork,0.11122515122983248,0.009273957531061488,0.879500891239106
USER_07713420,?,NewYork,0.11435470229894579,0.11817051376193642,0.7674747839391179
USER_07b8a39e,?,California,0.7800490163489441,0.16990671180419595,0.05004427184685999
USER_087cd93c,?,NewYork,0.05260422224513509,0.07809838280621101,0.8692973949486539
USER_08cdff74,?,NewYork,0.0026777615663475017,0.010684019808011464,0.9866382186256409
USER_098e1532,?,NewYork,0.05989027741600225,0.06973432060887222,0.8703754019751254
USER_0995db73,?,Georgia,0.03144005398019952,0.927947055904102,0.04061289011569853
USER_09dbf5de,?,California,0.4251688469003592,0.26750767774386003,0.3073234753557807
USER_0b5fa2eb,?,NewYork,0.005152521137469589,0.007437442840733801,0.9874100360217967
USER_0bd05d33,?,Georgia,0.01971297313675903,0.8841367083901723,0.09615031847306861
USER_0c09ba5c,?,California,0.6160976606870016,0.09286640872632695,0.29103593058667154
USER_0c7bb665,?,NewYork,0.003598895901793151,0.0031406261562519854,0.9932604779419548
USER_0cbd8e04,?,Georgia,0.039502977564617514,0.8791434194094875,0.08135360302589484
USER_0d71ddc1,?,NewYork,0.00745206849311724,0.0009752290906664869,0.9915727024162162
USER_0d78e1b8,?,NewYork,0.0069872564478392855,0.0020656202941809055,0.9909471232579797
USER_0ddfa5e6,?,Georgia,0.21970579221931585,0.6223902885880797,0.15790391919260455
USER_0e354317,?,California,0.532496210329642,0.1675068832812715,0.2999969063890864
USER_0e35810b,?,NewYork,0.2607021194162642,0.19922346945432148,0.5400744111294143
USER_0e541dce,?,California,0.5265791223849926,0.12205631010995778,0.35136456750504963
USER_0e8ad62f,?,NewYork,0.027779121103057372,0.022796696345777984,0.9494241825511647
USER_0f000fe4,?,NewYork,0.005976925795441791,0.002264949513906991,0.9917581246906513
USER_0fbe981e,?,California,0.6877808247013333,0.10107969663853889,0.21113947866012786
USER_10e660ae,?,California,0.8661051617635935,0.04140216962639656,0.09249266861001011
USER_114ebefd,?,California,0.9367374605039647,0.021404945358164625,0.04185759413787077
USER_11e68741,?,NewYork,0.25478105260013906,0.22307674721642623,0.5221422001834347
USER_12093513,?,NewYork,0.1769078246455604,0.0038698118318065597,0.8192223635226331
USER_1267d8f7,?,NewYork,0.003595584625364973,0.002516056854940529,0.9938883585196946
USER_1268d148,?,NewYork,0.033015442820794466,0.021523522419719346,0.9454610347594862
USER_12e20166,?,NewYork,0.03796969933272922,0.004648753227625025,0.9573815474396458
USER_1385a20d,?,NewYork,0.020950465402688443,0.007333248056218773,0.9717162865410929
USER_13f7c11a,?,NewYork,0.03665420220674146,0.007086147584933173,0.9562596502083255
USER_14d8ba66,?,NewYork,0.246545060732969,0.11886192787390296,0.6345930113931281
USER_154028ac,?,California,0.973538185653596,0.010284281834991018,0.01617753251141306
USER_154aa5bb,?,NewYork,0.022860710439325627,0.017842133852850557,0.9592971557078239
USER_1552bae0,?,NewYork,0.05745684200837322,0.0058999960946894804,0.9366431618969373
USER_1562978a,?,NewYork,0.07125198248733157,0.13854293977500562,0.790205077737663
USER_1577a117,?,NewYork,0.007414672684019039,0.0099697443629601,0.9826155829530208
USER_15cb67cc,?,NewYork,0.0022153978599546726,0.006471672855012603,0.9913129292850328
USER_16d5c2a2,?,Georgia,0.04873098739510778,0.931866751928484,0.019402260676408177
USER_17436f9d,?,NewYork,0.038778710715724224,0.055175318387256374,0.9060459708970193
USER_17ad6a4d,?,NewYork,0.0029946653747981245,0.009880016203212856,0.987125318421989
USER_17b7197e,?,NewYork,0.001471757154890793,0.0016422417619524178,0.9968860010831567
USER_18043b98,?,NewYork,0.0020998251731938534,0.0019059813151805955,0.9959941935116254
USER_18668846,?,NewYork,0.06176461361081664,0.04294122870135587,0.8952941576878276
USER_18bfa1bf,?,NewYork,0.021838947610625187,0.003298083578113303,0.9748629688112614
USER_1911ce8d,?,NewYork,0.44898650170794274,0.09933746472597062,0.4516760335660866
USER_19325d87,?,NewYork,0.008116658721962738,0.00667323096721951,0.9852101103108177
USER_1963fbc7,?,California,0.9067127314536213,0.024183373488011518,0.06910389505836721
USER_19bec732,?,California,0.48286453004900837,0.31088456491745453,0.20625090503353719
USER_19f5e58a,?,NewYork,0.08356839779821738,0.11338734763640426,0.8030442545653784
USER_1a666e73,?,NewYork,0.3404791126627194,0.021208676485843413,0.6383122108514371
USER_1ad6ec92,?,California,0.6232968093658596,0.06481376349900383,0.31188942713513645
USER_1af91382,?,NewYork,0.0608003032625549,0.03574523529195223,0.9034544614454928
USER_1b02b054,?,NewYork,0.06124108237493201,0.14442824908169513,0.7943306685433729
USER_1b0fbdca,?,California,0.847694607051086,0.04749242769441236,0.10481296525450148
USER_1b27e15d,?,California,0.4881000495439535,0.22057938715058745,0.2913205633054589
USER_1b2d5f01,?,California,0.9601032947266052,0.01383398087071475,0.026062724402680114
USER_1b47273a,?,NewYork,0.13016329809517768,0.1606465759349179,0.7091901259699045
USER_1b593ea0,?,California,0.6974014467480192,0.03560861920760439,0.2669899340443766
USER_1bad49c0,?,NewYork,0.19419723812671572,0.044164709149014166,0.7616380527242702
USER_1bf805fc,?,NewYork,0.3097907640572493,0.06879297372061412,0.6214162622221364
USER_1c2bdb85,?,California,0.6039220841068076,0.11709394665560499,0.27898396923758756
USER_1c35dac9,?,California,0.8533920565375535,0.02500943904116526,0.12159850442128113
USER_1c47c320,?,Georgia,0.34766780813660264,0.5108684503607631,0.14146374150263424
USER_1c502a4a,?,NewYork,0.12791830287503636,0.022121391306874932,0.8499603058180888
USER_1c87f445,?,Georgia,0.3118239207764022,0.3816213870096742,0.3065546922139237
USER_1cd174a5,?,Georgia,0.1557271042101896,0.5997188901250813,0.24455400566472926
USER_1ce79b71,?,NewYork,0.2090166967027508,0.03984820052267837,0.751135102774571
USER_1d197eb1,?,NewYork,0.05874041443412606,0.08625457352225821,0.8550050120436157
USER_1d7fb750,?,NewYork,0.01768822684020041,0.017103959677596054,0.9652078134822036
USER_1d9ecd1f,?,NewYork,0.04918065042795338,0.09381041649633748,0.8570089330757091
USER_1e0d7389,?,California,0.4385116499453918,0.12535919521761793,0.4361291548369903
USER_1e29440e,?,NewYork,0.00534200663013213,0.00463913029511455,0.9900188630747535
USER_1e2ec93e,?,California,0.4806342522694332,0.04844481319754863,0.4709209345330182
USER_1e417ec3,?,California,0.9018432284691481,0.013239656496838894,0.08491711503401302
USER_1e8adcef,?,NewYork,0.009475658829878917,0.011336825632717344,0.9791875155374037
USER_1e9813c3,?,NewYork,0.33803121809624626,0.12809450985699042,0.5338742720467633
USER_1eb22f1f,?,NewYork,0.2436324700868167,0.03807215579783105,0.7182953741153522
USER_1eeef1ca,?,NewYork,0.003694791912719324,0.002211057395443383,0.9940941506918373
USER_1f012225,?,NewYork,0.0038403357118065432,0.0047589346423852095,0.9914007296458083
USER_1f15e428,?,NewYork,0.057166048202791586,0.03235128706808844,0.9104826647291199
USER_1f48b92c,?,NewYork,0.15780956168908317,0.08441692489085287,0.7577735134200639
USER_1fd26730,?,NewYork,0.3378674001139382,0.27393933138338655,0.3881932685026753
USER_1fde2545,?,California,0.3590080858089599,0.3337605961483327,0.3072313180427074
USER_1ffc01ae,?,NewYork,0.1754123680798423,0.16417406216933067,0.660413569750827
USER_2047ae1b,?,Georgia,0.3779174206746758,0.4603645184636431,0.16171806086168103
USER_209f9da7,?,NewYork,0.007916226174425316,0.003852805173075304,0.9882309686524994
USER_21221c3a,?,NewYork,0.008408775434351748,0.004223999070569936,0.9873672254950784
USER_212f6e96,?,Georgia,0.01586358171566149,0.819723312600485,0.16441310568385345
USER_21570d2c,?,NewYork,0.051491962556465626,0.023788957036676155,0.9247190804068581
USER_216928f7,?,NewYork,0.375805942511492,0.12183974751938981,0.5023543099691181
USER_216b9538,?,Georgia,0.02984543536268488,0.8550306985444196,0.11512386609289553
USER_21e25657,?,NewYork,0.004760893354080187,0.016591897114652074,0.9786472095312677
USER_228b4a0c,?,NewYork,0.009019492461351565,0.004638715301287913,0.9863417922373605
USER_22d6881b,?,California,0.8973050684122095,0.052445063084389815,0.05024986850340085
USER_2370f6bf,?,NewYork,0.0006550806737871783,0.0010626779881796453,0.9982822413380331
USER_238d70d5,?,NewYork,0.0016517092065487216,0.0009490045041442657,0.9973992862893071
USER_24128d4b,?,NewYork,0.003190148799151373,0.002656006035017785,0.9941538451658308
USER_2481e157,?,NewYork,0.016884952272336363,0.00616309177397641,0.9769519559536873
USER_249535bf,?,Georgia,0.044182515124664305,0.6076932309170721,0.3481242539582637
USER_250ddab9,?,NewYork,0.2328641125538018,0.28041340804900294,0.4867224793971952
USER_256b54bd,?,NewYork,0.0027291366521520056,0.00217645856458637,0.9950944047832617
USER_25908f1a,?,NewYork,0.01250222973707138,0.02542542146912186,0.9620723487938068
USER_25af73f5,?,NewYork,0.08844574079120103,0.03389934545235277,0.8776549137564463
USER_26007171,?,NewYork,0.04945632267025996,0.011844324113241125,0.938699353216499
USER_2606a86d,?,California,0.9823097923227482,0.013258834331627247,0.004431373345624656
USER_2630cb48,?,NewYork,0.0070741795906668166,0.01809187290949976,0.9748339474998333
USER_26da5680,?,NewYork,0.0017844897005030425,0.004331605806881735,0.9938839044926152
USER_27097481,?,NewYork,0.04568515129299797,0.059286855810656826,0.8950279928963452
USER_280d4285,?,NewYork,0.029227928853952687,0.008787629175456897,0.9619844419705904
USER_286c692d,?,California,0.41159618457684055,0.20944682243442436,0.37895699298873503
USER_28c2490b,?,NewYork,0.024804798361490472,0.02393984923485755,0.9512553524036521
USER_28c66184,?,Georgia,0.015737252817919392,0.7181957427958197,0.2660670043862611
USER_2901f5d2,?,California,0.9468682167312884,0.02503798030356468,0.028093802965146915
USER_2950e8c0,?,NewYork,0.022849114856864777,0.0046370060130465655,0.9725138791300887
USER_29ffb735,?,NewYork,0.04118641294182878,0.07052299785460016,0.8882905892035711
USER_2a88e71c,?,NewYork,0.012267397230796003,0.39788723225670003,0.589845370512504
USER_2aba30b4,?,NewYork,0.005022718139669897,0.0053795003720108776,0.9895977814883192
USER_2adc013f,?,NewYork,0.4259542913661601,0.038680629280154866,0.535365079353685
USER_2add8395,?,NewYork,0.014275685532535021,0.013100469917564982,0.9726238445499
USER_2b071628,?,NewYork,0.019125882382318805,0.00376557471682866,0.9771085429008526
USER_2b572e4d,?,NewYork,0.021208120660689053,0.005512429910134293,0.9732794494291767
USER_2c013f15,?,California,0.47198441599989255,0.07478258006480978,0.45323300393529764
USER_2c5739d4,?,Georgia,0.3153366542399394,0.522263742543746,0.16239960321631475
USER_2ca9481d,?,California,0.5661583834915654,0.20701840903245922,0.2268232074759754
USER_2cb61ce4,?,California,0.9261033998489866,0.021229793102465998,0.05266680704854744
USER_2cb8e6ac,?,California,0.765827250083139,0.15841689373486237,0.07575585618199869
USER_2cd884ab,?,California,0.8719143207993684,0.015224968484727498,0.11286071071590413
USER_2d694b18,?,NewYork,0.023107232987116564,0.009004436993654007,0.9678883300192295
USER_2f28cca9,?,California,0.5229161541893141,0.23078448109783511,0.24629936471285072
USER_2f2d6ae4,?,NewYork,0.010817775912339157,0.010183092098068234,0.9789991319895927
USER_30878eb8,?,NewYork,0.39290954480508805,0.13592783243592693,0.47116262275898496
USER_310af2fe,?,California,0.47502267869873616,0.05034025595210072,0.47463706534916317
USER_312e8b79,?,NewYork,0.004124711385775314,0.012201849428225501,0.9836734391859993
USER_313f308d,?,NewYork,0.19807553930369343,0.09607968895249192,0.7058447717438147
USER_316f17c5,?,California,0.9606156372432963,0.021250313999570208,0.018134048757133394
USER_317f2f44,?,NewYork,0.32166432524715466,0.2229006207228793,0.4554350540299659
USER_31a747b6,?,NewYork,0.014941918291016236,0.009544424440124852,0.975513657268859
USER_31c3b3da,?,California,0.8064052236473677,0.024691857716086084,0.16890291863654625
USER_31c556c3,?,NewYork,0.004961901543668553,0.003251920063625769,0.9917861783927057
USER_31d69de0,?,NewYork,0.0017254303984307726,0.0010868316962219528,0.9971877379053471
USER_31f37996,?,California,0.5787716428096282,0.20124350588385576,0.21998485130651602
USER_324bcac5,?,NewYork,0.13640720577672172,0.05796500479639231,0.805627789426886
USER_32a5dbf3,?,Georgia,0.01694394220487724,0.9565321439805159,0.026523913814606916
USER_32ba33be,?,NewYork,0.0012307931347781968,0.002333246358823272,0.9964359605063985
USER_32c96cdd,?,NewYork,0.005391416663473132,0.0072365497332884735,0.9873720336032383
USER_332b44fb,?,NewYork,0.004234781999291364,0.002086358978050459,0.9936788590226582
USER_3351df96,?,Georgia,0.08224700147444508,0.5923200945706824,0.3254329039548727
USER_3380c961,?,NewYork,0.015882295283864437,0.009477508037753159,0.9746401966783823
USER_33973a49,?,NewYork,0.2959691572719845,0.12703009390348013,0.5770007488245352
USER_346e4a41,?,NewYork,0.1595793099636311,0.024519367674436784,0.8159013223619321
USER_34b503db,?,NewYork,0.04284384508325579,0.013997975719914738,0.9431581791968295
USER_351841b1,?,NewYork,0.0038453945815575706,0.005707160373719077,0.9904474450447234
USER_35189819,?,NewYork,0.00599811233402536,0.007036037618478619,0.986965850047496
USER_35807dab,?,NewYork,0.03198008251658998,0.003669766804773049,0.9643501506786368
USER_358eb04b,?,NewYork,0.424779838830159,0.05827772894052806,0.5169424322293128
USER_3611eed4,?,NewYork,0.0009394293274427917,0.0007393957532399395,0.9983211749193174
USER_362fcb4e,?,California,0.49117188027293834,0.34159622559802577,0.167231894129036
USER_366ead5c,?,California,0.6025797157425831,0.0727821199256208,0.32463816433179615
USER_36aebdd0,?,California,0.46531358037711695,0.2728449158075936,0.2618415038152894
USER_3731a11a,?,NewYork,0.011026640339405687,0.003385122289615735,0.9855882373709786
USER_374a99a6,?,California,0.535529942657562,0.07157171227564949,0.39289834506678845
USER_375ddf66,?,California,0.9599740985990661,0.016423208767739374,0.023602692633194623
USER_3761e30b,?,Georgia,0.04120246076449549,0.870590105010925,0.08820743422457944
USER_377ab802,?,NewYork,0.027014416675211497,0.024663117895512288,0.9483224654292762
USER_37d9b8a2,?,NewYork,0.21931722014474359,0.04232378855950268,0.7383589912957538
USER_37fbd81d,?,Georgia,0.006698940560752203,0.8207778879234368,0.17252317151581084
USER_382758ba,?,NewYork,0.021964812210129997,0.01036219192094674,0.9676729958689232
USER_3839a806,?,NewYork,0.17018067446259572,0.16772141274077457,0.6620979127966298
USER_385039c2,?,NewYork,0.03680948256709608,0.044855730217959855,0.9183347872149442
USER_386fabf9,?,NewYork,0.1215751907719605,0.07235123154433303,0.8060735776837065
USER_3885fd0e,?,NewYork,0.005990770744519062,0.00421940612325474,0.9897898231322263
USER_38878baf,?,NewYork,0.20322800773894256,0.05790013501334896,0.7388718572477084
USER_391b3f19,?,NewYork,0.008921555791604334,0.014035233522265222,0.9770432106861304
USER_3926cc91,?,NewYork,0.029934203224580246,0.42767886235207814,0.5423869344233416
USER_392edeb4,?,NewYork,0.3304177016753086,0.2309869679276375,0.43859533039705395
USER_3a0cce74,?,NewYork,0.18788695199396704,0.010284681177400876,0.801828366828632
USER_3ab1c13a,?,California,0.6316382607622215,0.1964198100841251,0.1719419291536533
USER_3b2c7aeb,?,California,0.6439289417026218,0.12288559260808202,0.23318546568929627
USER_3b3ee2a1,?,NewYork,0.045750334385709926,0.025854301818059464,0.9283953637962306
USER_3b59b7cc,?,NewYork,0.02798435002371523,0.3305718560971382,0.6414437938791465
USER_3b897a10,?,NewYork,0.401445102111296,0.07907219988699944,0.5194826980017044
USER_3bbacfa2,?,NewYork,0.01082843712905906,0.008517860160241107,0.9806537027106997
USER_3bcbd9f2,?,NewYork,0.0034957269434756437,0.00619282497016474,0.9903114480863595
USER_3c027111,?,California,0.39053182779840573,0.294745799382609,0.3147223728189853
USER_3cf60041,?,NewYork,0.030392923699921377,0.01514512649313823,0.9544619498069404
USER_3d364f1e,?,NewYork,0.0010553728257419335,0.000823662573376507,0.9981209646008815
USER_3d478593,?,California,0.4121123394867248,0.2634171249756127,0.3244705355376626
USER_3d4a71db,?,NewYork,0.001087187978865455,0.001531913706723697,0.9973808983144109
USER_3d617a59,?,California,0.7519589006504992,0.16041241788073368,0.08762868146876716
USER_3d712136,?,California,0.8381981923203164,0.016539017954456933,0.1452627897252267
USER_3da11595,?,NewYork,0.028452739738933537,0.011610289753795753,0.9599369705072708
USER_3dcec70f,?,Georgia,0.38718820522473923,0.42150191022670114,0.19130988454855954
USER_3e152eed,?,NewYork,0.052800938103053974,0.13481786065225226,0.8123812012446937
USER_3e3d4fdf,?,NewYork,0.005211701640892669,0.015133393474895451,0.9796549048842117
USER_3e65626b,?,NewYork,0.09551922494271611,0.04594559383810758,0.8585351812191763
USER_3ed488ea,?,NewYork,0.10616094096984877,0.04667475567635221,0.8471643033537991
USER_3ee8fbbe,?,NewYork,0.0013586016234487302,0.001458753941183646,0.9971826444353675
USER_3f5fc595,?,NewYork,0.2680203308437057,0.041159732873270856,0.6908199362830235
USER_3f65f650,?,NewYork,0.341405720686661,0.04867570432873746,0.6099185749846016
USER_3f6e72de,?,California,0.515541794221428,0.04093354153408357,0.4435246642444885
USER_3f73341f,?,NewYork,0.015378978833735991,0.1980050311642163,0.7866159900020477
USER_3fe167a5,?,California,0.6498685726158618,0.08740138412028735,0.26273004326385097
USER_3ff0eac2,?,NewYork,0.3594191701728977,0.13236871260305266,0.5082121172240496
USER_4033d6b0,?,NewYork,0.01968636747157605,0.01163132782154681,0.9686823047068772
USER_40b5babf,?,NewYork,0.05878893082328701,0.01044922648261159,0.9307618426941013
USER_40e3cc5c,?,California,0.8243036542061424,0.17239916422580606,0.0032971815680516155
USER_4109c700,?,NewYork,0.04029759660306503,0.015027496660911358,0.9446749067360235
USER_4139eebd,?,Georgia,0.37190882139602816,0.444336835235634,0.18375434336833774
USER_41a32cd9,?,NewYork,0.054315707547296636,0.06184939092774851,0.8838349015249549
USER_41ae8eba,?,NewYork,0.21168105931664336,0.29501443442838354,0.4933045062549731
USER_41b1e5d3,?,California,0.6877054653893686,0.05707162261107415,0.2552229119995574
USER_41b9a343,?,NewYork,0.1489768420463406,0.16597374429653713,0.6850494136571224
USER_42058caa,?,Georgia,0.026814368994051183,0.9266704786132564,0.04651515239269237
USER_422fcf6d,?,NewYork,0.010481159463731246,0.006109217427439731,0.9834096231088291
USER_428ff9aa,?,NewYork,0.02245577855261604,0.08857623603879121,0.8889679854085928
USER_42f872d9,?,NewYork,0.006062618400800031,0.016692494215670685,0.9772448873835292
USER_42fa9813,?,NewYork,0.0017043792357163542,0.0012627125341874079,0.9970329082300964
USER_43357d60,?,California,0.5197808021940487,0.33375020736077055,0.14646899044518077
USER_4393579b,?,NewYork,0.007620024692616873,0.017821273041612223,0.974558702265771
USER_43a53512,?,NewYork,0.0020431753684700565,0.0022780726037114904,0.9956787520278184
USER_43a9815a,?,NewYork,0.004790932960690774,0.04380675995482366,0.9514023070844855
USER_43b45f4d,?,NewYork,0.05912678781735678,0.05268248760274694,0.8881907245798965
USER_43d79f43,?,NewYork,0.011586871518749464,0.018705046939881946,0.9697080815413687
USER_45102925,?,NewYork,0.00275985866322097,0.0040907843441807465,0.9931493569925983
USER_451e26f1,?,NewYork,0.0008924020783696521,0.0026540887111692777,0.996453509210461
USER_45362a87,?,NewYork,0.04591465068753103,0.004815133353573784,0.949270215958895
USER_453a081e,?,NewYork,0.03148296807780591,0.006183310671934431,0.9623337212502597
USER_4554b4ee,?,California,0.5407032272673231,0.16654515498915426,0.2927516177435227
USER_4591ffac,?,NewYork,0.015518759146773827,0.004493448461317822,0.9799877923919083
USER_466b9a5c,?,California,0.9124871565622981,0.03746295186352695,0.050049891574175
USER_46af6e83,?,Georgia,0.3364597880570702,0.40131634720641446,0.2622238647365153
USER_475202df,?,NewYork,0.2565869757738167,0.024748981989313218,0.7186640422368701
USER_47b05242,?,NewYork,0.033611171407333953,0.008545132786328874,0.9578436958063372
USER_47f7fe20,?,NewYork,0.44452549227480603,0.10803036814804927,0.44744413957714474
USER_480be1ad,?,NewYork,0.009551357063248885,0.021887399973542866,0.9685612429632082
USER_48badc08,?,California,0.9838424644231717,0.006753199681953163,0.00940433589487513
USER_492787d1,?,NewYork,0.41701351118449975,0.031130405831364553,0.5518560829841357
USER_496ac393,?,Georgia,0.255788956801929,0.6685518698179098,0.0756591733801612
USER_497fcb02,?,California,0.8495749191262689,0.033882936915001334,0.11654214395872975
USER_4997f190,?,NewYork,0.001799760389381951,0.001732222323089208,0.9964680172875289
USER_49d4be2e,?,California,0.9349154106258789,0.01468019361879807,0.05040439575532312
USER_49e82ac6,?,Georgia,0.1439854296171806,0.6456955057488097,0.2103190646340096
USER_4a43b1bc,?,NewYork,0.005684255269227673,0.00250466784663263,0.9918110768841396
USER_4a4b8dc9,?,NewYork,0.07345979950327469,0.06864431146731284,0.8578958890294126
USER_4a7ab42d,?,California,0.47927961434937605,0.1809915553147886,0.3397288303358353
USER_4a7ed75c,?,NewYork,0.0050029763401310875,0.0023933393161778747,0.9926036843436911
USER_4acc9f7a,?,NewYork,0.07553908085774035,0.01682564909709966,0.90763527004516
USER_4b5a5ed6,?,NewYork,0.318196331981701,0.20975189864578062,0.4720517693725184
USER_4bfacfa0,?,NewYork,0.05842210307220636,0.03631654962809697,0.9052613472996967
USER_4c306943,?,NewYork,0.3191246354420758,0.13887965533395596,0.5419957092239682
USER_4c30d4e5,?,California,0.971498562193935,0.01120013062738768,0.01730130717867731
USER_4c51c0dc,?,NewYork,0.04085003632209486,0.019048966379134398,0.9401009972987708
USER_4c62a606,?,NewYork,0.25409174505609283,0.056131177244778084,0.689777077699129
USER_4c756692,?,Georgia,0.3876796749182716,0.40446378554300233,0.20785653953872602
USER_4d051709,?,NewYork,0.09554858017137292,0.14557870025739544,0.7588727195712316
USER_4dc8d885,?,NewYork,0.3621773356944177,0.08681483272576421,0.5510078315798181
USER_4e2d1832,?,NewYork,0.04492077860920847,0.015091870341009034,0.9399873510497826
USER_4ec79b73,?,NewYork,0.01927483183313361,0.012268565412310164,0.9684566027545563
USER_4f245ab2,?,NewYork,0.40200991328888835,0.07748491654844598,0.5205051701626655
USER_4f2f9b97,?,Georgia,0.32325329129719343,0.40549935086005395,0.27124735784275256
USER_4fb0f981,?,NewYork,0.27733412873936014,0.12569576091193257,0.5969701103487073
USER_4fb70820,?,NewYork,0.0037515953493405516,0.004034093138537469,0.992214311512122
USER_4fd63247,?,NewYork,0.08365088299384554,0.1200817379109548,0.7962673790951995
USER_4fd8fb1c,?,Georgia,0.01877151603469722,0.9432341096302876,0.037994374335015034
USER_502eb2e1,?,NewYork,0.0049009174981947505,0.005342113626758849,0.9897569688750464
USER_50557eb6,?,NewYork,0.0272335499638542,0.032576264076779375,0.9401901859593664
USER_5071602b,?,NewYork,0.009032367080208523,0.06732478793356726,0.9236428449862242
USER_50c9925d,?,California,0.9137574719115589,0.041369611324554155,0.04487291676388688
USER_51469cab,?,NewYork,0.002046228390713992,0.0019032196296857558,0.9960505519796002
USER_520dddc4,?,NewYork,0.0008993205272863217,0.048262926878479245,0.9508377525942344
USER_52cb1bd2,?,NewYork,0.20802125576303712,0.12033482924477354,0.6716439149921893
USER_531dc01f,?,NewYork,0.05767619221928702,0.028317122284250103,0.914006685496463
USER_53487451,?,California,0.7886314040857059,0.016205021303485147,0.19516357461080902
USER_53621ba3,?,California,0.5677442112955473,0.06575582375516703,0.3664999649492856
USER_538e44c4,?,NewYork,0.01113896379277464,0.021717250360623375,0.967143785846602
USER_542aa1fb,?,California,0.7592026238617685,0.04090075237175045,0.19989662376648112
USER_54e9deb6,?,NewYork,0.014484006732745237,0.006049629197199837,0.979466364070055
USER_564ec211,?,NewYork,0.057405613748076796,0.045141912488174264,0.8974524737637489
USER_5673f628,?,California,0.47511456777429834,0.26956233059832835,0.25532310162737337
USER_5697f699,?,NewYork,0.004011813379789784,0.002160042974370932,0.9938281436458393
USER_569ba403,?,NewYork,0.005248653206034631,0.003951175082856978,0.9908001717111085
USER_56e785f3,?,NewYork,0.006634097254515049,0.0036242466628446115,0.9897416560826405
USER_56f0f5d0,?,California,0.5870145320340435,0.0439186253207433,0.3690668426452131
USER_57186934,?,NewYork,0.002197672424785608,0.0014999438559908209,0.9963023837192236
USER_572a4677,?,NewYork,0.004919436304216875,0.0022673644587748723,0.9928131992370082
USER_5743262a,?,NewYork,0.05537130871182837,0.07879123561252586,0.8658374556756457
USER_57a03f1a,?,NewYork,0.3615063474842729,0.2335705743265576,0.4049230781891695
USER_58cda3f6,?,NewYork,0.004388472900804137,0.006037803972177995,0.989573723127018
USER_58f29c15,?,NewYork,0.0033337424150304902,0.0035455169476417067,0.9931207406373278
USER_5941d4ce,?,NewYork,0.0013282080482713474,0.0015258072293783543,0.9971459847223503
USER_594dc803,?,NewYork,0.001672631548361753,0.0016540268391138707,0.9966733416125244
USER_59aaf319,?,NewYork,0.0033346041568806293,0.0005108378132018056,0.9961545580299176
USER_59d04e5c,?,NewYork,0.0016939384809696305,0.007630373445300799,0.9906756880737294
USER_59f5a7c3,?,California,0.7300891640021954,0.13702364827358388,0.1328871877242206
USER_59fef649,?,NewYork,0.009987985109672847,0.03699178664764206,0.9530202282426851
USER_5a22b51f,?,California,0.9657208135740972,0.026834051278380712,0.007445135147521946
USER_5a343aa5,?,NewYork,0.004231782209171299,0.009017865049008374,0.9867503527418203
USER_5aa66355,?,NewYork,0.016429983118714526,0.04980511337623708,0.9337649035050483
USER_5ac1aaa0,?,NewYork,0.00986269036707971,0.005954272322532686,0.9841830373103875
USER_5b6753c3,?,NewYork,0.023298694879990027,0.0295651174892385,0.9471361876307715
USER_5be35b92,?,California,0.6721102734296678,0.07143967183373015,0.256450054736602
USER_5c87eac9,?,NewYork,0.2531102522651827,0.04409349251708617,0.7027962552177311
USER_5d4fa5a6,?,California,0.7085822538895836,0.09165755257329203,0.19976019353712443
USER_5dced2c0,?,NewYork,0.09750514174226656,0.019457161626786165,0.8830376966309472
USER_5deadf5b,?,NewYork,0.3651950428227878,0.24941692815515593,0.3853880290220562
USER_5df221b1,?,California,0.905756399539396,0.045284704573733486,0.04895889588687041
USER_5e58dd16,?,California,0.9203734593997287,0.03558565325339492,0.04404088734687632
USER_5e6c2bc1,?,California,0.8177533122862474,0.11905495384343887,0.06319173387031368
USER_5fa62451,?,NewYork,0.2283884573057296,0.02922370137801962,0.7423878413162507
USER_5feb8d1f,?,Georgia,0.06627216844855488,0.47613546885303115,0.45759236269841397
USER_606a56b9,?,NewYork,0.002894572137124868,0.006039710914526119,0.991065716948349
USER_60c4102b,?,Georgia,0.3024184060341646,0.44006068904916135,0.257520904916674
USER_6107e30f,?,NewYork,0.07816359973819843,0.04522381227041849,0.876612587991383
USER_610bb3b7,?,California,0.7948535077232757,0.024468652549037746,0.18067783972768667
USER_6113e677,?,California,0.9210529627119679,0.043546898443939795,0.03540013884409218
USER_61707e96,?,NewYork,0.19107289865511096,0.1294770236884012,0.6794500776564878
USER_617635b8,?,California,0.8517287524079338,0.06744515888833588,0.0808260887037304
USER_61989839,?,NewYork,0.2290201154365836,0.343592418419124,0.42738746614429246
USER_61e1bcf0,?,California,0.7060224125387515,0.048700764052726546,0.24527682340852192
USER_626e759d,?,NewYork,0.10023977982651527,0.254536744181423,0.6452234759920618
USER_629ecb44,?,NewYork,0.15158638067759447,0.057955477974594785,0.7904581413478107
USER_62aae6a7,?,NewYork,0.1369496764243578,0.2422615238763328,0.6207887996993094
USER_62bbc015,?,California,0.8911432512953702,0.04035004315032783,0.06850670555430198
USER_6307c420,?,NewYork,0.025350090005038232,0.0325225115020432,0.9421273984929186
USER_630996db,?,California,0.40372727907054545,0.23540179622879698,0.3608709247006577
USER_6377d61f,?,NewYork,0.26886536186317517,0.08318666830451078,0.6479479698323141
USER_63ae7b2d,?,NewYork,0.31922581554162544,0.05455525398367745,0.6262189304746971
USER_640ad8d5,?,NewYork,0.01864981276790272,0.005207131040925966,0.9761430561911713
USER_641c9fa6,?,NewYork,0.32422555270729253,0.1129698197046062,0.5628046275881013
USER_6433b647,?,California,0.9167062073752201,0.023714630847270747,0.05957916177750923
USER_6453a2e0,?,NewYork,0.37980595096152253,0.05245602930547875,0.5677380197329988
USER_6559bda9,?,NewYork,0.04218195793479096,0.021127936939209592,0.9366901051259995
USER_65ef019b,?,NewYork,0.0494093330688611,0.010919381419966342,0.9396712855111726
USER_662ea30b,?,Georgia,0.28671973345091206,0.3783637138164633,0.33491655273262466
USER_66f9636e,?,NewYork,0.017308485842456266,0.010531053103006303,0.9721604610545374
USER_670e2a0b,?,California,0.7808332240837212,0.026582815115636645,0.19258396080064197
USER_67482d6c,?,NewYork,0.04746242329236765,0.004868914106513752,0.9476686626011186
USER_6789a05a,?,NewYork,0.00800349013264114,0.01202305817194581,0.9799734516954131
USER_68183c28,?,NewYork,0.4411800873034737,0.06125475381795666,0.49756515887856967
USER_681faecc,?,NewYork,0.019519084801069342,0.015466463731843785,0.9650144514670869
USER_684a2501,?,California,0.9256591697772693,0.00669482019152083,0.06764601003120996
USER_6879cfc3,?,NewYork,0.047351024712176414,0.00557835394067515,0.9470706213471486
USER_6902a75c,?,NewYork,0.021240487791357156,0.005593382161050928,0.9731661300475919
USER_698ca49c,?,NewYork,0.07016031086377926,0.11115891313509126,0.8186807760011295
USER_69ad2883,?,Georgia,0.09327932283061045,0.7242106811727943,0.18250999599659523
USER_69c74a0d,?,Georgia,0.010703311946199515,0.9289657159260182,0.060330972127782274
USER_69e7fca6,?,NewYork,0.0035755943394954,0.00677281999213569,0.989651585668369
USER_6a4150e9,?,NewYork,0.006142297544849348,0.0058328059170132465,0.9880248965381374
USER_6abbe190,?,California,0.551777293810912,0.03693960889346333,0.4112830972956248
USER_6b51eaf6,?,NewYork,0.008188774460724683,0.010835605707739957,0.9809756198315354
USER_6b76289c,?,NewYork,0.009897428580829603,0.009274564154578068,0.9808280072645924
USER_6c0ce87e,?,California,0.8731819430882223,0.03354226702083226,0.09327578989094562
USER_6c396bc1,?,NewYork,0.037777112741232015,0.03505191874248142,0.9271709685162867
USER_6cb629bd,?,NewYork,0.029585359598612474,0.018769809767260514,0.9516448306341271
USER_6cb74641,?,NewYork,0.03431025868079629,0.011172605825026941,0.9545171354941768
USER_6dfb285e,?,California,0.8454258114337082,0.1323094082731433,0.02226478029314855
USER_6e0b05a1,?,NewYork,0.012111386345919482,0.013212361293650953,0.9746762523604297
USER_6e5ae663,?,NewYork,0.07842131265631792,0.10135863232123084,0.8202200550224511
USER_6efc8637,?,NewYork,0.023052316924037943,0.002243340400534564,0.9747043426754275
USER_6f9de088,?,NewYork,0.06688509394844909,0.04031946997766145,0.8927954360738892
USER_6fd22a16,?,California,0.778228913606022,0.035435506415737124,0.1863355799782409
USER_7021d4fe,?,NewYork,0.007352981446759209,0.0022986960590397746,0.990348322494201
USER_7031d6a0,?,California,0.7902251070862043,0.03267323461783281,0.1771016582959628
USER_703c2752,?,NewYork,0.1271982367707639,0.08745931866450637,0.7853424445647297
USER_7061da53,?,NewYork,0.0010950192190624297,0.0019435625605041295,0.9969614182204335
USER_70690adf,?,NewYork,0.10095657867385738,0.027458917610832283,0.8715845037153103
USER_70f0bcf5,?,NewYork,0.017497691993317223,0.03880377633312739,0.9436985316735553
USER_70fa2627,?,NewYork,0.017188180139429587,0.0126850136522031,0.9701268062083672
USER_7122bd33,?,NewYork,0.14291716121718134,0.007838474557903919,0.8492443642249148
USER_7124793e,?,NewYork,0.0009082836263329659,0.002902104070094943,0.9961896123035721
USER_7148a7dd,?,NewYork,0.0028006709529745885,0.005021972264881882,0.9921773567821436
USER_715db191,?,Georgia,0.3192203455941011,0.34781944959093736,0.33296020481496147
USER_71634424,?,NewYork,0.03062605950794064,0.04164474478962736,0.927729195702432
USER_71b44c3c,?,California,0.8482254477901253,0.04430053162993742,0.10747402057993723
USER_71d2698e,?,California,0.6064867377516472,0.0363990065517595,0.3571142556965932
USER_724f0ba2,?,California,0.7679438562004428,0.02966629831803916,0.20238984548151814
USER_7267daa2,?,NewYork,0.0012141017525197934,0.004911736088504035,0.9938741621589762
USER_73479d68,?,Georgia,0.04546773912720982,0.9277378332687639,0.02679442760402618
USER_736899c8,?,NewYork,0.014616924865632293,0.0141296011135483,0.9712534740208194
USER_7374ea4c,?,NewYork,0.007436880033194316,0.007716961565543938,0.9848461584012618
USER_738b5fa1,?,NewYork,0.01688258276080227,0.005068715049404628,0.978048702189793
USER_73b58d65,?,NewYork,0.008902569374939034,0.3533926738190759,0.637704756805985
USER_74f133ba,?,NewYork,0.0052628154130949295,0.006062799364481875,0.9886743852224231
USER_74fb72f0,?,California,0.9796156847663349,0.009939047983323419,0.010445267250341617
USER_75644e28,?,Georgia,0.041521343668884714,0.8349783134247467,0.12350034290636853
USER_75667382,?,NewYork,0.007302707288821509,0.00792675590217932,0.9847705368089991
USER_75e90c35,?,NewYork,0.02076386023273724,0.06667508039557471,0.9125610593716882
USER_76772a35,?,NewYork,0.005324741668982742,0.005745253241607037,0.9889300050894102
USER_770d44e6,?,California,0.45112879741579587,0.44440821582624396,0.10446298675796016
USER_778961e9,?,California,0.48368971365114044,0.22793125600373934,0.28837903034512025
USER_77d7ce58,?,California,0.8815462455421187,0.07062070204656884,0.04783305241131231
USER_77efb69c,?,NewYork,0.09537561114523377,0.3667574895328495,0.5378668993219168
USER_78d7f848,?,NewYork,0.00197904929732654,0.0012703147900381777,0.9967506359126354
USER_79139803,?,California,0.9024082953555177,0.030682962629644456,0.06690874201483783
USER_7966ae1b,?,NewYork,0.024889099732484123,0.04096538915735989,0.9341455111101561
USER_79d6c1fd,?,NewYork,0.10673525084295338,0.009832479301874648,0.8834322698551719
USER_79df1b3e,?,NewYork,0.0022718295438903394,0.0028746577846407197,0.9948535126714689
USER_7a075b20,?,California,0.590739190654477,0.13480804049241235,0.2744527688531107
USER_7a260f17,?,NewYork,0.0031056000084361142,0.005439715741252974,0.9914546842503109
USER_7b4bbba3,?,NewYork,0.003924026800621487,0.024515692449125662,0.9715602807502527
USER_7b69bd51,?,NewYork,0.08197284444375165,0.03570352707314936,0.882323628483099
USER_7b8c76bd,?,NewYork,0.0025559187010855723,0.0014732024351057503,0.9959708788638088
USER_7be2032a,?,Georgia,0.16653642066318042,0.4896788849175159,0.34378469441930376
USER_7c98f07a,?,Georgia,0.22836815892969395,0.3928918035991504,0.37874003747115564
USER_7d952021,?,NewYork,0.31748946740549383,0.13248135217612922,0.5500291804183769
USER_7dbaa3ee,?,NewYork,0.0018827874513798718,0.0019111008862129093,0.9962061116624072
USER_7f178917,?,NewYork,0.1302969263928207,0.04993259566837551,0.8197704779388039
USER_7f4f9842,?,NewYork,0.04036206842744597,0.010267583312564662,0.9493703482599893
USER_7f5be0d9,?,NewYork,0.024965435981081165,0.0183610783171215,0.9566734857017973
USER_80165d12,?,NewYork,0.001459672589398672,0.0010598853857571179,0.9974804420248444
USER_8044d2b6,?,NewYork,0.27522874768358996,0.2150883247058649,0.5096829276105452
USER_8128d3b2,?,NewYork,0.04628469312090598,0.07719982894917043,0.8765154779299235
USER_816e9d84,?,Georgia,0.024669349904787287,0.8232321783855516,0.15209847170966098
USER_817ecc31,?,NewYork,0.007982136838866657,0.005315110771777479,0.9867027523893558
USER_81a65e91,?,NewYork,0.3755146732298956,0.08900997594013467,0.5354753508299698
USER_82685db9,?,NewYork,0.37149985632403865,0.06213577462552235,0.566364369050439
USER_8386d78a,?,Georgia,0.02727871749589305,0.946014086830762,0.026707195673344876
USER_83a5ad2d,?,NewYork,0.02827444399214033,0.03745614524084999,0.9342694107670095
USER_845b9e50,?,NewYork,0.0006547297891504599,0.0026978507582461264,0.9966474194526035
USER_84750aab,?,NewYork,0.18975623517792098,0.15410220385611736,0.6561415609659617
USER_84c6cec6,?,California,0.5842668148588294,0.07424649347029721,0.34148669167087337
USER_84f8e565,?,California,0.6099345843564904,0.05358644289299838,0.3364789727505112
USER_8519d5fe,?,NewYork,0.04448427629086717,0.027859625566396276,0.9276560981427364
USER_852984da,?,NewYork,0.036884084451547235,0.05172313640874905,0.9113927791397037
USER_8536db1c,?,NewYork,0.0852168935385605,0.027450847181167293,0.8873322592802722
USER_85467083,?,California,0.9274367728016918,0.015214159854496227,0.057349067343811934
USER_85587748,?,NewYork,0.03627604541425844,0.027524266053574907,0.9361996885321666
USER_859d9c2e,?,NewYork,0.015966045441964546,0.05932888327107013,0.9247050712869652
USER_85e01ba2,?,California,0.934913666436174,0.05298223106633216,0.012104102497493715
USER_86317dcd,?,Georgia,0.020983923516602047,0.8995585697157205,0.07945750676767732
USER_86684402,?,NewYork,0.0020109427328762015,0.001096602762223483,0.9968924545049003
USER_86caef0e,?,Georgia,0.03523133195851702,0.8106870270605377,0.1540816409809453
USER_86f2740f,?,California,0.6899924964780562,0.08168714727122173,0.22832035625072208
USER_872a6619,?,California,0.5486930825717545,0.12211832380140066,0.3291885936268449
USER_8766f6a8,?,NewYork,0.008805686123043378,0.0054127251602781494,0.9857815887166785
USER_88f2d306,?,NewYork,0.0076548777795682876,0.0057719835743080955,0.9865731386461235
USER_891a5ac1,?,NewYork,0.04700222961038639,0.010116810870797284,0.9428809595188166
USER_893e1c79,?,Georgia,0.05026713679525682,0.909274236568094,0.04045862663664909
USER_895401a0,?,NewYork,0.002348308235996672,0.0009490739414861949,0.9967026178225171
USER_8959054b,?,NewYork,0.05019301371728389,0.02501926601685068,0.9247877202658654
USER_89aedca8,?,NewYork,0.020455776842843852,0.007768261097066418,0.9717759620600898
USER_89eb84bd,?,NewYork,0.14760789437145277,0.17882983140051578,0.6735622742280314
USER_8a318f42,?,California,0.6039615831302511,0.10704198620548902,0.28899643066425995
USER_8a470c86,?,Georgia,0.39313444634891753,0.4077677123452248,0.19909784130585764
USER_8acf6a6b,?,NewYork,0.07078466982956726,0.10643850182284409,0.8227768283475886
USER_8b2ea24e,?,NewYork,0.2242249682859911,0.3557472686543564,0.4200277630596525
USER_8b30e74e,?,California,0.48805755173401305,0.052273421818471624,0.4596690264475153
USER_8b4a7301,?,NewYork,0.01565372405135326,0.1104531924405801,0.8738930835080667
USER_8b58d394,?,NewYork,0.013997807152380906,0.0023510626213844466,0.9836511302262346
USER_8b718df6,?,NewYork,0.06306125013555053,0.013145617815002928,0.9237931320494464
USER_8b8404dd,?,NewYork,0.09402344350686502,0.21685334111948915,0.6891232153736458
